845, 2011-01-03, [8, 10, 21, 25, 28, 32]
846, 2011-01-06, [13, 20, 25, 28, 35, 40]
847, 2011-01-10, [6, 7, 14, 22, 29, 30]
848, 2011-01-13, [19, 34, 36, 40, 41, 42]
849, 2011-01-17, [7, 8, 32, 34, 35, 36]
850, 2011-01-20, [2, 14, 16, 22, 25, 41]
851, 2011-01-24, [15, 19, 20, 23, 36, 39]
852, 2011-01-27, [4, 6, 15, 34, 35, 37]
853, 2011-01-31, [12, 17, 18, 31, 34, 37]
854, 2011-02-03, [1, 11, 17, 30, 31, 33]
855, 2011-02-07, [1, 21, 23, 24, 25, 32]
856, 2011-02-10, [1, 3, 4, 13, 22, 28]
857, 2011-02-14, [5, 13, 14, 21, 25, 42]
858, 2011-02-17, [3, 12, 20, 31, 34, 35]
859, 2011-02-21, [3, 6, 11, 16, 21, 28]
860, 2011-02-24, [6, 18, 20, 27, 39, 40]
861, 2011-02-28, [17, 22, 26, 34, 38, 39]
862, 2011-03-03, [9, 11, 20, 22, 29, 39]
863, 2011-03-07, [10, 23, 25, 28, 39, 40]
864, 2011-03-10, [6, 9, 10, 12, 15, 19]
865, 2011-03-14, [11, 14, 19, 25, 31, 39]
866, 2011-03-17, [4, 7, 10, 12, 15, 40]
867, 2011-03-21, [4, 15, 19, 22, 24, 38]
868, 2011-03-24, [3, 11, 12, 15, 22, 24]
869, 2011-03-28, [4, 10, 26, 31, 33, 37]
870, 2011-03-31, [15, 16, 18, 22, 28, 41]
871, 2011-04-04, [20, 21, 33, 35, 36, 41]
872, 2011-04-07, [1, 3, 14, 24, 25, 28]
873, 2011-04-11, [9, 12, 14, 21, 22, 42]
874, 2011-04-14, [11, 13, 24, 25, 27, 39]
875, 2011-04-18, [11, 14, 22, 31, 35, 36]
876, 2011-04-21, [4, 8, 10, 13, 22, 26]
877, 2011-04-26, [13, 18, 22, 24, 26, 37]
878, 2011-04-28, [8, 10, 23, 27, 29, 34]
879, 2011-05-02, [8, 14, 21, 25, 35, 41]
880, 2011-05-05, [4, 13, 19, 24, 27, 36]
881, 2011-05-09, [19, 23, 28, 29, 34, 35]
882, 2011-05-12, [12, 13, 17, 24, 25, 27]
883, 2011-05-16, [2, 12, 13, 18, 22, 34]
884, 2011-05-19, [4, 21, 22, 25, 33, 41]
885, 2011-05-23, [5, 13, 19, 25, 39, 41]
886, 2011-05-26, [3, 11, 21, 30, 32, 40]
887, 2011-05-30, [1, 17, 20, 23, 28, 34]
888, 2011-06-02, [2, 3, 7, 8, 15, 20]
889, 2011-06-06, [3, 8, 17, 19, 31, 41]
890, 2011-06-09, [4, 11, 22, 32, 40, 42]
891, 2011-06-13, [10, 22, 28, 31, 34, 39]
892, 2011-06-16, [4, 9, 20, 22, 33, 42]
893, 2011-06-20, [12, 14, 17, 18, 20, 23]
894, 2011-06-23, [3, 16, 20, 23, 27, 41]
895, 2011-06-27, [1, 4, 10, 16, 24, 29]
896, 2011-06-30, [7, 9, 17, 18, 23, 34]
897, 2011-07-04, [11, 13, 25, 27, 32, 34]
898, 2011-07-07, [9, 13, 16, 26, 38, 42]
899, 2011-07-11, [5, 8, 23, 24, 25, 33]
900, 2011-07-14, [6, 9, 16, 25, 27, 39]
901, 2011-07-18, [6, 8, 14, 19, 20, 38]
902, 2011-07-21, [7, 10, 12, 20, 36, 40]
903, 2011-07-25, [3, 14, 32, 33, 36, 38]
904, 2011-07-28, [1, 5, 8, 18, 22, 33]
905, 2011-08-01, [1, 2, 14, 24, 36, 40]
906, 2011-08-04, [12, 13, 20, 28, 29, 38]
907, 2011-08-08, [4, 10, 12, 15, 22, 34]
908, 2011-08-11, [4, 6, 13, 15, 24, 33]
909, 2011-08-15, [12, 16, 19, 29, 37, 39]
910, 2011-08-18, [4, 25, 26, 30, 34, 42]
911, 2011-08-22, [5, 13, 22, 33, 34, 40]
912, 2011-08-25, [3, 4, 6, 14, 16, 39]
913, 2011-08-29, [3, 13, 14, 18, 22, 37]
914, 2011-09-01, [1, 17, 18, 20, 23, 29]
915, 2011-09-05, [6, 8, 18, 29, 35, 42]
916, 2011-09-08, [3, 14, 23, 30, 34, 35]
917, 2011-09-12, [1, 14, 15, 23, 32, 34]
918, 2011-09-15, [4, 6, 13, 18, 33, 41]
919, 2011-09-19, [1, 4, 14, 15, 20, 31]
920, 2011-09-22, [15, 23, 25, 30, 39, 40]
921, 2011-09-26, [10, 15, 29, 30, 34, 38]
922, 2011-09-29, [5, 6, 12, 16, 24, 38]
923, 2011-10-03, [5, 20, 28, 31, 33, 39]
924, 2011-10-06, [6, 10, 18, 25, 27, 42]
925, 2011-10-10, [6, 8, 9, 13, 30, 36]
926, 2011-10-13, [1, 8, 9, 26, 35, 38]
927, 2011-10-17, [2, 14, 32, 40, 41, 42]
928, 2011-10-20, [5, 15, 21, 31, 36, 41]
929, 2011-10-24, [3, 12, 14, 27, 32, 39]
930, 2011-10-27, [18, 23, 24, 30, 34, 40]
931, 2011-10-31, [7, 9, 23, 32, 40, 41]
932, 2011-11-03, [1, 2, 14, 20, 26, 29]
933, 2011-11-07, [9, 11, 32, 33, 37, 41]
934, 2011-11-10, [2, 8, 31, 32, 34, 37]
935, 2011-11-14, [9, 10, 13, 22, 32, 40]
936, 2011-11-17, [1, 13, 16, 18, 25, 42]
937, 2011-11-21, [11, 14, 18, 21, 22, 23]
938, 2011-11-24, [3, 13, 20, 32, 38, 41]
939, 2011-11-28, [4, 10, 11, 17, 28, 32]
940, 2011-12-01, [8, 13, 24, 25, 27, 32]
941, 2011-12-05, [5, 12, 16, 23, 26, 31]
942, 2011-12-08, [17, 23, 31, 34, 35, 42]
943, 2011-12-12, [2, 4, 13, 21, 37, 38]
944, 2011-12-15, [3, 12, 22, 24, 28, 39]
945, 2011-12-19, [7, 18, 21, 29, 31, 36]
946, 2011-12-22, [8, 13, 14, 22, 41, 42]
947, 2011-12-27, [3, 5, 20, 24, 27, 35]
948, 2011-12-29, [10, 12, 15, 22, 23, 27]
