949, 2012-01-03, [6, 11, 15, 27, 30, 38]
950, 2012-01-05, [6, 12, 17, 18, 22, 31]
951, 2012-01-09, [6, 23, 26, 29, 30, 39]
952, 2012-01-12, [19, 25, 27, 28, 33, 36]
953, 2012-01-16, [5, 13, 14, 27, 36, 41]
954, 2012-01-19, [9, 16, 17, 18, 33, 38]
955, 2012-01-23, [6, 21, 24, 26, 33, 36]
956, 2012-01-26, [25, 30, 32, 34, 35, 41]
957, 2012-01-30, [16, 19, 22, 25, 31, 36]
958, 2012-02-02, [16, 27, 30, 31, 37, 39]
959, 2012-02-06, [10, 18, 29, 31, 32, 41]
960, 2012-02-09, [14, 20, 21, 23, 34, 42]
961, 2012-02-13, [7, 21, 29, 30, 38, 39]
962, 2012-02-16, [1, 5, 10, 16, 18, 37]
963, 2012-02-20, [15, 20, 34, 35, 37, 41]
964, 2012-02-23, [2, 8, 19, 21, 34, 37]
965, 2012-02-27, [6, 8, 11, 16, 20, 27]
966, 2012-03-01, [3, 21, 25, 30, 32, 38]
967, 2012-03-05, [2, 12, 25, 29, 37, 38]
968, 2012-03-08, [20, 27, 28, 30, 36, 37]
969, 2012-03-12, [5, 14, 22, 23, 30, 37]
970, 2012-03-15, [10, 11, 14, 17, 33, 34]
971, 2012-03-19, [4, 7, 14, 15, 20, 36]
972, 2012-03-22, [17, 21, 22, 32, 36, 42]
973, 2012-03-26, [2, 4, 6, 12, 20, 22]
974, 2012-03-29, [2, 7, 12, 26, 36, 41]
975, 2012-04-02, [1, 2, 16, 28, 33, 35]
976, 2012-04-05, [4, 6, 16, 17, 21, 30]
977, 2012-04-10, [10, 11, 14, 25, 27, 28]
978, 2012-04-12, [1, 12, 19, 23, 24, 34]
979, 2012-04-17, [3, 18, 20, 27, 32, 33]
980, 2012-04-19, [14, 18, 29, 32, 40, 42]
981, 2012-04-23, [2, 8, 9, 23, 27, 39]
982, 2012-04-26, [5, 7, 9, 20, 31, 35]
983, 2012-04-30, [5, 9, 13, 19, 34, 42]
984, 2012-05-03, [1, 5, 9, 23, 28, 41]
985, 2012-05-07, [1, 2, 4, 11, 14, 42]
986, 2012-05-10, [1, 7, 27, 35, 38, 39]
987, 2012-05-14, [2, 3, 13, 14, 24, 41]
988, 2012-05-17, [3, 13, 21, 24, 29, 32]
989, 2012-05-21, [11, 18, 19, 24, 36, 38]
990, 2012-05-24, [1, 11, 16, 33, 39, 41]
991, 2012-05-28, [2, 5, 16, 21, 34, 35]
992, 2012-05-31, [1, 8, 12, 20, 32, 38]
993, 2012-06-04, [8, 21, 23, 35, 36, 39]
994, 2012-06-07, [10, 15, 22, 23, 28, 38]
995, 2012-06-11, [5, 14, 23, 25, 38, 40]
996, 2012-06-14, [1, 11, 12, 19, 23, 24]
997, 2012-06-18, [19, 20, 23, 24, 26, 36]
998, 2012-06-21, [4, 20, 24, 30, 36, 40]
999, 2012-06-25, [2, 4, 25, 31, 33, 36]
1000, 2012-06-28, [5, 12, 13, 29, 34, 39]
1001, 2012-07-02, [7, 25, 28, 32, 35, 39]
1002, 2012-07-05, [5, 18, 30, 34, 41, 42]
1003, 2012-07-09, [13, 17, 18, 27, 31, 34]
1004, 2012-07-12, [5, 17, 18, 33, 35, 41]
1005, 2012-07-16, [11, 19, 20, 28, 35, 37]
1006, 2012-07-19, [1, 9, 15, 22, 29, 33]
1007, 2012-07-23, [7, 12, 18, 23, 29, 34]
1008, 2012-07-26, [7, 15, 25, 35, 40, 41]
1009, 2012-07-30, [3, 6, 13, 14, 29, 30]
1010, 2012-08-02, [4, 12, 28, 29, 34, 39]
1011, 2012-08-06, [1, 2, 17, 29, 39, 40]
1012, 2012-08-09, [7, 8, 13, 29, 31, 40]
1013, 2012-08-13, [18, 22, 24, 32, 41, 42]
1014, 2012-08-16, [1, 13, 24, 27, 34, 42]
1015, 2012-08-21, [1, 18, 22, 32, 38, 41]
1016, 2012-08-23, [5, 11, 29, 30, 31, 36]
1017, 2012-08-27, [4, 15, 27, 30, 34, 39]
1018, 2012-08-30, [17, 20, 26, 27, 36, 38]
1019, 2012-09-03, [3, 10, 14, 19, 37, 40]
1020, 2012-09-06, [8, 9, 24, 31, 35, 37]
1021, 2012-09-10, [1, 9, 16, 20, 34, 39]
1022, 2012-09-13, [2, 6, 8, 9, 27, 39]
1023, 2012-09-17, [5, 8, 9, 16, 25, 31]
1024, 2012-09-20, [10, 12, 24, 28, 32, 37]
1025, 2012-09-24, [1, 3, 11, 16, 19, 33]
1026, 2012-09-27, [8, 15, 28, 36, 38, 41]
1027, 2012-10-01, [1, 5, 13, 21, 29, 40]
1028, 2012-10-04, [1, 5, 14, 26, 32, 35]
1029, 2012-10-08, [2, 8, 10, 13, 22, 31]
1030, 2012-10-11, [2, 8, 17, 18, 21, 25]
1031, 2012-10-15, [7, 10, 19, 22, 25, 27]
1032, 2012-10-18, [2, 11, 17, 18, 28, 38]
1033, 2012-10-22, [3, 5, 6, 7, 8, 14]
1034, 2012-10-25, [2, 4, 6, 11, 28, 42]
1035, 2012-10-29, [6, 8, 14, 20, 23, 26]
1036, 2012-11-01, [12, 19, 21, 24, 26, 40]
1037, 2012-11-05, [2, 13, 14, 17, 31, 42]
1038, 2012-11-08, [1, 5, 8, 9, 29, 42]
1039, 2012-11-12, [9, 11, 24, 26, 39, 40]
1040, 2012-11-15, [9, 13, 20, 28, 29, 42]
1041, 2012-11-19, [8, 16, 17, 21, 33, 35]
1042, 2012-11-22, [18, 28, 29, 32, 37, 38]
1043, 2012-11-26, [6, 26, 28, 29, 34, 39]
1044, 2012-11-29, [6, 12, 18, 20, 25, 34]
1045, 2012-12-03, [2, 27, 28, 29, 34, 39]
1046, 2012-12-06, [1, 9, 12, 14, 16, 24]
1047, 2012-12-10, [1, 2, 17, 39, 40, 42]
1048, 2012-12-13, [2, 6, 10, 12, 22, 23]
1049, 2012-12-17, [6, 8, 14, 19, 25, 42]
1050, 2012-12-20, [17, 27, 28, 34, 40, 42]
1051, 2012-12-24, [6, 7, 13, 31, 37, 39]
1052, 2012-12-27, [2, 3, 8, 23, 37, 39]
1053, 2012-12-31, [9, 15, 30, 32, 39, 42]
