Content of 2002.txt:
1, 2002-12-02, [7, 8, 11, 20, 25, 32]
2, 2002-12-05, [5, 13, 19, 21, 28, 42]
3, 2002-12-09, [4, 10, 18, 35, 36, 38]
4, 2002-12-12, [8, 16, 17, 23, 29, 32]
5, 2002-12-16, [4, 7, 10, 16, 27, 41]
6, 2002-12-19, [11, 14, 16, 22, 28, 30]
7, 2002-12-23, [14, 15, 18, 26, 28, 35]
8, 2002-12-26, [8, 14, 19, 22, 31, 37]
9, 2002-12-30, [3, 6, 9, 13, 14, 17]


Content of 2003.txt:
10, 2003-01-02, [18, 22, 25, 30, 36, 42]
11, 2003-01-06, [9, 11, 15, 29, 31, 41]
12, 2003-01-09, [4, 20, 21, 22, 23, 28]
13, 2003-01-13, [10, 18, 24, 33, 38, 40]
14, 2003-01-16, [3, 4, 17, 27, 34, 40]
15, 2003-01-20, [14, 15, 19, 27, 29, 39]
16, 2003-01-23, [4, 11, 12, 17, 27, 35]
17, 2003-01-27, [2, 5, 16, 17, 29, 40]
18, 2003-01-30, [8, 24, 25, 31, 38, 41]
19, 2003-02-03, [3, 17, 21, 23, 30, 39]
20, 2003-02-06, [10, 19, 23, 33, 39, 42]
21, 2003-02-10, [1, 9, 11, 26, 28, 30]
22, 2003-02-13, [4, 5, 10, 28, 38, 41]
23, 2003-02-17, [9, 11, 17, 18, 22, 25]
24, 2003-02-20, [4, 9, 13, 14, 23, 37]
25, 2003-02-24, [6, 15, 28, 29, 33, 35]
26, 2003-02-27, [10, 11, 12, 14, 25, 32]
27, 2003-03-03, [6, 13, 21, 25, 26, 36]
28, 2003-03-06, [7, 13, 22, 23, 31, 38]
29, 2003-03-10, [4, 7, 11, 20, 29, 38]
30, 2003-03-13, [12, 15, 22, 26, 37, 42]
31, 2003-03-17, [17, 26, 30, 35, 37, 41]
32, 2003-03-20, [6, 10, 13, 22, 29, 36]
33, 2003-03-24, [8, 12, 16, 17, 33, 40]
34, 2003-03-27, [1, 12, 25, 31, 40, 41]
35, 2003-03-31, [3, 4, 6, 12, 16, 19]
36, 2003-04-03, [1, 6, 21, 24, 38, 42]
37, 2003-04-07, [4, 6, 7, 20, 23, 36]
38, 2003-04-10, [15, 19, 26, 31, 36, 37]
39, 2003-04-14, [3, 23, 24, 36, 37, 39]
40, 2003-04-17, [1, 4, 8, 12, 13, 36]
41, 2003-04-21, [3, 9, 14, 15, 24, 41]
42, 2003-04-24, [4, 27, 29, 33, 37, 39]
43, 2003-04-28, [1, 9, 15, 29, 35, 41]
44, 2003-05-01, [3, 12, 23, 29, 31, 32]
45, 2003-05-05, [2, 3, 8, 25, 30, 37]
46, 2003-05-08, [1, 10, 21, 23, 37, 40]
47, 2003-05-12, [1, 7, 17, 26, 28, 38]
48, 2003-05-15, [1, 3, 20, 29, 40, 42]
49, 2003-05-19, [8, 11, 15, 18, 23, 38]
50, 2003-05-22, [1, 4, 21, 22, 33, 37]
51, 2003-05-26, [15, 18, 24, 30, 36, 38]
52, 2003-05-29, [5, 14, 15, 19, 30, 34]
53, 2003-06-02, [4, 20, 25, 34, 35, 40]
54, 2003-06-05, [9, 22, 25, 34, 41, 42]
55, 2003-06-09, [1, 6, 21, 23, 25, 42]
56, 2003-06-12, [12, 15, 16, 32, 33, 36]
57, 2003-06-16, [3, 19, 27, 31, 35, 41]
58, 2003-06-19, [5, 11, 14, 19, 25, 32]
59, 2003-06-23, [6, 10, 14, 15, 33, 37]
60, 2003-06-26, [2, 3, 16, 27, 28, 35]
61, 2003-06-30, [7, 12, 20, 27, 28, 29]
62, 2003-07-03, [6, 10, 11, 24, 26, 37]
63, 2003-07-07, [7, 8, 16, 31, 32, 42]
64, 2003-07-10, [8, 10, 24, 26, 28, 36]
65, 2003-07-14, [9, 18, 29, 34, 38, 42]
66, 2003-07-17, [5, 18, 30, 33, 35, 41]
67, 2003-07-21, [10, 19, 21, 25, 28, 41]
68, 2003-07-24, [1, 3, 12, 17, 22, 39]
69, 2003-07-28, [3, 5, 16, 23, 28, 34]
70, 2003-07-31, [9, 12, 15, 17, 25, 27]
71, 2003-08-04, [1, 3, 15, 19, 31, 36]
72, 2003-08-07, [22, 23, 25, 32, 34, 38]
73, 2003-08-11, [2, 5, 14, 15, 26, 34]
74, 2003-08-14, [3, 4, 9, 24, 34, 35]
75, 2003-08-18, [1, 6, 9, 30, 31, 39]
76, 2003-08-21, [10, 14, 20, 22, 32, 38]
77, 2003-08-25, [8, 20, 22, 25, 35, 41]
78, 2003-08-28, [9, 10, 15, 25, 40, 42]
79, 2003-09-01, [3, 10, 11, 15, 34, 36]
80, 2003-09-04, [2, 10, 14, 17, 19, 34]
81, 2003-09-08, [3, 7, 10, 22, 33, 34]
82, 2003-09-11, [7, 9, 13, 17, 35, 39]
83, 2003-09-15, [4, 12, 17, 23, 26, 27]
84, 2003-09-18, [6, 13, 14, 19, 23, 39]
85, 2003-09-22, [2, 3, 18, 21, 30, 34]
86, 2003-09-25, [13, 17, 21, 25, 31, 41]
87, 2003-09-29, [8, 18, 19, 22, 28, 32]
88, 2003-10-02, [13, 16, 19, 24, 32, 34]
89, 2003-10-06, [4, 9, 14, 16, 24, 30]
90, 2003-10-09, [3, 6, 9, 16, 17, 42]
91, 2003-10-13, [9, 19, 24, 35, 36, 39]
92, 2003-10-16, [1, 4, 10, 26, 28, 41]
93, 2003-10-20, [14, 21, 25, 28, 31, 33]
94, 2003-10-23, [15, 16, 18, 20, 28, 34]
95, 2003-10-27, [2, 9, 14, 19, 39, 42]
96, 2003-10-30, [12, 19, 23, 24, 35, 38]
97, 2003-11-03, [2, 5, 7, 22, 28, 42]
98, 2003-11-06, [4, 8, 16, 19, 22, 36]
99, 2003-11-10, [10, 19, 30, 33, 39, 41]
100, 2003-11-13, [2, 4, 11, 24, 30, 36]
101, 2003-11-17, [2, 9, 15, 32, 38, 39]
102, 2003-11-20, [7, 11, 28, 29, 41, 42]
103, 2003-11-24, [3, 6, 14, 16, 22, 25]
104, 2003-11-27, [10, 11, 18, 20, 40, 41]
105, 2003-12-01, [1, 14, 23, 24, 36, 37]
106, 2003-12-04, [1, 12, 13, 25, 31, 42]
107, 2003-12-08, [16, 19, 22, 24, 25, 33]
108, 2003-12-11, [6, 7, 9, 16, 21, 25]
109, 2003-12-15, [8, 9, 10, 12, 19, 34]
110, 2003-12-18, [15, 21, 23, 28, 31, 41]
111, 2003-12-22, [9, 12, 14, 22, 25, 29]
112, 2003-12-25, [3, 9, 13, 23, 30, 32]
113, 2003-12-29, [3, 17, 22, 24, 29, 38]


Content of 2004.txt:
114, 2004-01-01, [1, 15, 22, 34, 39, 40]
115, 2004-01-05, [2, 3, 7, 8, 14, 38]
116, 2004-01-08, [3, 4, 7, 11, 19, 35]
117, 2004-01-12, [1, 5, 7, 23, 26, 40]
118, 2004-01-15, [4, 7, 17, 21, 26, 30]
119, 2004-01-19, [3, 5, 9, 30, 34, 41]
120, 2004-01-22, [8, 13, 22, 24, 28, 33]
121, 2004-01-26, [4, 10, 11, 21, 24, 27]
122, 2004-01-29, [2, 4, 6, 27, 36, 39]
123, 2004-02-02, [11, 15, 22, 28, 30, 36]
124, 2004-02-05, [2, 4, 7, 13, 20, 22]
125, 2004-02-09, [10, 13, 28, 29, 35, 39]
126, 2004-02-12, [5, 12, 18, 30, 31, 34]
127, 2004-02-16, [3, 15, 22, 33, 34, 42]
128, 2004-02-19, [5, 16, 17, 19, 20, 37]
129, 2004-02-23, [6, 16, 17, 21, 35, 39]
130, 2004-02-26, [7, 9, 10, 18, 24, 32]
131, 2004-03-01, [2, 5, 9, 32, 39, 42]
132, 2004-03-04, [2, 3, 28, 34, 36, 42]
133, 2004-03-08, [1, 4, 12, 20, 34, 41]
134, 2004-03-11, [1, 18, 24, 25, 26, 37]
135, 2004-03-15, [9, 17, 18, 29, 34, 42]
136, 2004-03-18, [17, 22, 24, 26, 34, 38]
137, 2004-03-22, [2, 4, 5, 10, 21, 37]
138, 2004-03-25, [13, 20, 27, 33, 37, 42]
139, 2004-03-29, [7, 15, 17, 24, 29, 40]
140, 2004-04-01, [13, 16, 22, 24, 27, 28]
141, 2004-04-05, [5, 9, 22, 26, 27, 32]
142, 2004-04-08, [1, 4, 12, 30, 36, 42]
143, 2004-04-12, [5, 8, 13, 22, 28, 32]
144, 2004-04-15, [5, 13, 16, 27, 29, 38]
145, 2004-04-19, [7, 23, 24, 33, 34, 38]
146, 2004-04-22, [4, 11, 18, 19, 35, 36]
147, 2004-04-26, [3, 4, 12, 17, 33, 39]
148, 2004-04-29, [2, 11, 16, 24, 28, 42]
149, 2004-05-03, [7, 13, 25, 27, 34, 41]
150, 2004-05-06, [2, 3, 5, 8, 27, 40]
151, 2004-05-10, [2, 13, 18, 21, 23, 32]
152, 2004-05-13, [3, 30, 32, 34, 35, 42]
153, 2004-05-17, [8, 10, 13, 33, 35, 36]
154, 2004-05-20, [8, 19, 23, 25, 31, 41]
155, 2004-05-24, [3, 4, 22, 23, 28, 35]
156, 2004-05-27, [8, 14, 21, 22, 24, 33]
157, 2004-05-31, [6, 7, 10, 17, 32, 36]
158, 2004-06-03, [2, 18, 21, 28, 30, 42]
159, 2004-06-07, [6, 14, 20, 25, 31, 41]
160, 2004-06-10, [10, 13, 15, 20, 27, 41]
161, 2004-06-14, [1, 3, 6, 20, 29, 35]
162, 2004-06-17, [3, 13, 18, 22, 27, 41]
163, 2004-06-21, [10, 22, 23, 36, 39, 42]
164, 2004-06-24, [6, 11, 15, 32, 34, 35]
165, 2004-06-28, [3, 22, 27, 29, 37, 42]
166, 2004-07-01, [6, 11, 18, 29, 30, 37]
167, 2004-07-05, [5, 18, 22, 23, 33, 40]
168, 2004-07-08, [5, 8, 9, 34, 38, 39]
169, 2004-07-12, [11, 13, 21, 31, 40, 42]
170, 2004-07-15, [2, 7, 8, 17, 27, 36]
171, 2004-07-19, [2, 5, 6, 7, 22, 30]
172, 2004-07-22, [1, 8, 11, 21, 26, 36]
173, 2004-07-26, [2, 15, 27, 28, 35, 42]
174, 2004-07-29, [11, 12, 20, 23, 28, 40]
175, 2004-08-02, [3, 9, 10, 12, 15, 31]
176, 2004-08-05, [9, 10, 11, 26, 28, 32]
177, 2004-08-09, [7, 16, 18, 31, 36, 42]
178, 2004-08-12, [3, 17, 18, 27, 36, 42]
179, 2004-08-16, [2, 24, 25, 30, 33, 41]
180, 2004-08-19, [4, 6, 10, 30, 34, 39]
181, 2004-08-23, [1, 9, 11, 17, 23, 39]
182, 2004-08-26, [2, 9, 20, 36, 38, 39]
183, 2004-08-30, [1, 3, 6, 7, 31, 34]
184, 2004-09-02, [5, 17, 20, 21, 32, 35]
185, 2004-09-06, [11, 12, 25, 28, 29, 35]
186, 2004-09-09, [9, 14, 20, 23, 27, 33]
187, 2004-09-13, [14, 23, 25, 28, 38, 39]
188, 2004-09-16, [1, 14, 19, 20, 38, 40]
189, 2004-09-20, [1, 3, 7, 34, 35, 42]
190, 2004-09-23, [8, 16, 20, 22, 37, 42]
191, 2004-09-27, [6, 11, 21, 28, 34, 40]
192, 2004-09-30, [12, 16, 22, 24, 36, 38]
193, 2004-10-04, [13, 17, 32, 33, 39, 42]
194, 2004-10-07, [10, 19, 24, 28, 35, 36]
195, 2004-10-11, [2, 11, 15, 20, 40, 41]
196, 2004-10-14, [1, 5, 11, 27, 29, 30]
197, 2004-10-18, [3, 4, 8, 11, 38, 40]
198, 2004-10-21, [1, 14, 18, 34, 35, 37]
199, 2004-10-25, [13, 16, 28, 31, 35, 42]
200, 2004-10-28, [2, 25, 27, 29, 33, 40]
201, 2004-11-01, [4, 15, 16, 20, 39, 42]
202, 2004-11-04, [2, 6, 16, 25, 33, 38]
203, 2004-11-08, [4, 8, 19, 22, 39, 42]
204, 2004-11-11, [8, 9, 10, 18, 19, 27]
205, 2004-11-15, [20, 21, 26, 30, 33, 39]
206, 2004-11-18, [8, 24, 27, 30, 38, 41]
207, 2004-11-22, [8, 20, 24, 25, 27, 36]
208, 2004-11-25, [13, 16, 31, 32, 36, 40]
209, 2004-11-29, [4, 9, 25, 26, 31, 42]
210, 2004-12-02, [1, 8, 10, 14, 21, 26]
211, 2004-12-06, [12, 14, 17, 21, 22, 29]
212, 2004-12-09, [3, 9, 12, 18, 23, 33]
213, 2004-12-13, [2, 21, 23, 25, 30, 35]
214, 2004-12-16, [7, 16, 18, 19, 21, 27]
215, 2004-12-20, [1, 3, 4, 9, 16, 29]
216, 2004-12-23, [6, 27, 29, 37, 40, 42]
217, 2004-12-27, [20, 25, 29, 33, 34, 37]
218, 2004-12-30, [8, 9, 13, 22, 32, 38]


Content of 2005.txt:
219, 2005-01-03, [9, 20, 23, 27, 33, 40]
220, 2005-01-06, [1, 12, 18, 20, 21, 34]
221, 2005-01-10, [4, 10, 24, 25, 30, 36]
222, 2005-01-13, [5, 14, 23, 27, 36, 38]
223, 2005-01-17, [2, 6, 18, 26, 29, 31]
224, 2005-01-20, [5, 7, 8, 12, 22, 33]
225, 2005-01-24, [4, 22, 29, 30, 32, 36]
226, 2005-01-27, [3, 7, 9, 14, 28, 32]
227, 2005-01-31, [6, 13, 16, 26, 29, 33]
228, 2005-02-03, [7, 13, 20, 23, 36, 38]
229, 2005-02-07, [1, 7, 19, 24, 32, 34]
230, 2005-02-10, [5, 18, 19, 33, 38, 42]
231, 2005-02-14, [15, 19, 30, 35, 39, 40]
232, 2005-02-17, [6, 8, 10, 15, 24, 25]
233, 2005-02-21, [8, 9, 14, 28, 29, 39]
234, 2005-02-24, [1, 7, 16, 30, 35, 36]
235, 2005-02-28, [11, 14, 17, 20, 27, 28]
236, 2005-03-03, [2, 6, 11, 14, 39, 41]
237, 2005-03-07, [7, 11, 12, 17, 23, 29]
238, 2005-03-10, [1, 4, 19, 28, 36, 37]
239, 2005-03-14, [3, 9, 13, 24, 35, 37]
240, 2005-03-17, [10, 19, 29, 30, 33, 36]
241, 2005-03-21, [4, 12, 15, 23, 27, 29]
242, 2005-03-24, [2, 4, 19, 26, 31, 34]
243, 2005-03-28, [7, 15, 21, 22, 23, 26]
244, 2005-03-31, [3, 9, 14, 20, 23, 42]
245, 2005-04-04, [3, 4, 20, 22, 24, 39]
246, 2005-04-07, [6, 9, 12, 14, 17, 39]
247, 2005-04-11, [2, 7, 8, 20, 37, 38]
248, 2005-04-14, [7, 12, 17, 19, 35, 42]
249, 2005-04-18, [10, 18, 19, 31, 36, 41]
250, 2005-04-21, [4, 11, 13, 19, 20, 37]
251, 2005-04-25, [8, 12, 14, 21, 24, 39]
252, 2005-04-28, [3, 9, 11, 15, 22, 32]
253, 2005-05-02, [3, 10, 19, 32, 33, 34]
254, 2005-05-05, [2, 19, 21, 29, 31, 33]
255, 2005-05-09, [5, 6, 22, 28, 33, 34]
256, 2005-05-12, [18, 23, 25, 26, 32, 34]
257, 2005-05-16, [2, 12, 19, 23, 32, 39]
258, 2005-05-19, [6, 7, 13, 26, 33, 35]
259, 2005-05-23, [6, 10, 12, 15, 30, 40]
260, 2005-05-26, [3, 12, 13, 18, 24, 34]
261, 2005-05-30, [2, 7, 11, 17, 21, 31]
262, 2005-06-02, [11, 14, 15, 23, 34, 42]
263, 2005-06-06, [15, 18, 21, 29, 35, 40]
264, 2005-06-09, [7, 8, 14, 32, 36, 38]
265, 2005-06-13, [4, 9, 15, 23, 34, 40]
266, 2005-06-16, [2, 5, 7, 18, 20, 31]
267, 2005-06-20, [9, 13, 26, 30, 38, 41]
268, 2005-06-23, [10, 22, 23, 28, 35, 38]
269, 2005-06-27, [1, 3, 12, 25, 29, 34]
270, 2005-06-30, [2, 5, 9, 19, 25, 33]
271, 2005-07-04, [3, 4, 15, 17, 22, 28]
272, 2005-07-07, [4, 7, 18, 28, 33, 36]
273, 2005-07-11, [15, 19, 21, 27, 31, 32]
274, 2005-07-14, [1, 11, 21, 24, 31, 41]
275, 2005-07-18, [11, 17, 19, 20, 34, 42]
276, 2005-07-21, [4, 13, 17, 23, 32, 39]
277, 2005-07-25, [7, 13, 16, 20, 23, 29]
278, 2005-07-28, [12, 20, 25, 28, 32, 34]
279, 2005-08-01, [9, 15, 24, 27, 28, 37]
280, 2005-08-04, [4, 13, 14, 21, 26, 37]
281, 2005-08-08, [5, 9, 16, 33, 35, 40]
282, 2005-08-11, [10, 14, 15, 33, 37, 42]
283, 2005-08-15, [6, 10, 12, 20, 25, 42]
284, 2005-08-18, [6, 9, 13, 31, 33, 35]
285, 2005-08-22, [3, 6, 12, 14, 19, 40]
286, 2005-08-25, [7, 13, 30, 35, 41, 42]
287, 2005-08-29, [15, 17, 24, 31, 36, 38]
288, 2005-09-01, [12, 21, 24, 25, 34, 35]
289, 2005-09-05, [9, 14, 19, 24, 26, 28]
290, 2005-09-08, [4, 8, 11, 30, 34, 39]
291, 2005-09-12, [2, 3, 5, 7, 38, 39]
292, 2005-09-15, [11, 21, 23, 25, 33, 37]
293, 2005-09-20, [4, 6, 8, 14, 17, 26]
294, 2005-09-22, [6, 9, 23, 37, 39, 42]
295, 2005-09-26, [8, 9, 26, 28, 33, 35]
296, 2005-09-29, [9, 16, 21, 22, 35, 41]
297, 2005-10-03, [7, 12, 13, 23, 24, 31]
298, 2005-10-06, [1, 10, 11, 15, 21, 31]
299, 2005-10-10, [19, 27, 28, 33, 37, 39]
300, 2005-10-13, [9, 22, 23, 31, 34, 40]
301, 2005-10-17, [5, 7, 13, 15, 30, 33]
302, 2005-10-20, [10, 23, 24, 26, 38, 40]
303, 2005-10-25, [23, 24, 25, 32, 34, 38]
304, 2005-10-27, [3, 7, 20, 26, 32, 35]
305, 2005-10-31, [11, 20, 23, 38, 40, 42]
306, 2005-11-03, [5, 12, 16, 17, 18, 27]
307, 2005-11-07, [3, 17, 21, 26, 29, 34]
308, 2005-11-10, [5, 12, 16, 29, 37, 38]
309, 2005-11-14, [1, 7, 10, 24, 30, 40]
310, 2005-11-17, [4, 6, 8, 9, 23, 31]
311, 2005-11-21, [4, 13, 24, 28, 31, 42]
312, 2005-11-24, [15, 17, 23, 24, 27, 28]
313, 2005-11-28, [8, 10, 25, 28, 29, 39]
314, 2005-12-01, [8, 9, 17, 32, 36, 40]
315, 2005-12-05, [8, 11, 12, 19, 35, 41]
316, 2005-12-08, [6, 7, 11, 20, 23, 25]
317, 2005-12-14, [7, 12, 16, 30, 40, 42]
318, 2005-12-15, [7, 9, 15, 18, 36, 39]
319, 2005-12-19, [3, 18, 25, 29, 38, 41]
320, 2005-12-22, [1, 9, 14, 15, 26, 33]
321, 2005-12-26, [5, 10, 12, 13, 21, 40]
322, 2005-12-29, [23, 24, 25, 30, 36, 42]


Content of 2006.txt:
323, 2006-01-02, [16, 22, 23, 25, 28, 40]
324, 2006-01-05, [22, 23, 24, 26, 36, 39]
325, 2006-01-09, [2, 10, 13, 30, 37, 38]
326, 2006-01-12, [4, 17, 25, 33, 35, 40]
327, 2006-01-16, [3, 8, 20, 27, 32, 37]
328, 2006-01-19, [4, 16, 32, 33, 36, 39]
329, 2006-01-23, [3, 25, 27, 28, 36, 38]
330, 2006-01-26, [8, 21, 27, 32, 38, 42]
331, 2006-01-30, [5, 14, 18, 24, 37, 42]
332, 2006-02-02, [4, 7, 17, 29, 32, 39]
333, 2006-02-08, [1, 8, 11, 12, 28, 30]
334, 2006-02-09, [4, 11, 12, 16, 35, 40]
335, 2006-02-13, [1, 3, 12, 26, 39, 41]
336, 2006-02-16, [10, 16, 17, 22, 23, 34]
337, 2006-02-20, [14, 19, 28, 36, 40, 41]
338, 2006-02-23, [7, 8, 17, 18, 34, 36]
339, 2006-02-27, [10, 22, 30, 35, 38, 39]
340, 2006-03-02, [5, 17, 18, 20, 27, 30]
341, 2006-03-06, [6, 18, 26, 27, 28, 39]
342, 2006-03-09, [1, 4, 6, 13, 38, 41]
343, 2006-03-13, [5, 8, 9, 19, 24, 42]
344, 2006-03-16, [5, 10, 13, 16, 20, 31]
345, 2006-03-20, [11, 22, 23, 27, 32, 40]
346, 2006-03-23, [1, 6, 11, 19, 24, 31]
347, 2006-03-27, [6, 23, 31, 33, 36, 40]
348, 2006-03-30, [2, 16, 24, 25, 27, 28]
349, 2006-04-03, [14, 18, 19, 31, 35, 41]
350, 2006-04-06, [5, 6, 13, 21, 34, 37]
351, 2006-04-10, [5, 10, 15, 21, 26, 38]
352, 2006-04-13, [9, 18, 24, 34, 41, 42]
353, 2006-04-17, [13, 26, 31, 39, 40, 42]
354, 2006-04-20, [6, 8, 10, 21, 25, 42]
355, 2006-04-24, [2, 9, 15, 16, 17, 22]
356, 2006-04-27, [8, 22, 25, 32, 35, 41]
357, 2006-05-01, [2, 5, 15, 18, 28, 29]
358, 2006-05-04, [3, 5, 11, 18, 22, 31]
359, 2006-05-08, [2, 21, 22, 28, 32, 42]
360, 2006-05-11, [2, 8, 16, 25, 29, 33]
361, 2006-05-15, [6, 14, 19, 23, 24, 26]
362, 2006-05-18, [2, 15, 24, 26, 28, 30]
363, 2006-05-22, [3, 7, 22, 23, 29, 40]
364, 2006-05-26, [17, 18, 23, 28, 33, 38]
365, 2006-05-29, [1, 2, 5, 24, 32, 36]
366, 2006-06-01, [12, 21, 24, 30, 31, 32]
367, 2006-06-05, [3, 13, 17, 25, 30, 31]
368, 2006-06-08, [1, 10, 11, 16, 26, 33]
369, 2006-06-12, [6, 16, 18, 25, 27, 39]
370, 2006-06-15, [1, 4, 14, 21, 39, 41]
371, 2006-06-19, [6, 14, 24, 35, 37, 41]
372, 2006-06-23, [1, 2, 3, 14, 24, 38]
373, 2006-06-26, [5, 10, 21, 23, 31, 39]
374, 2006-06-29, [11, 15, 19, 21, 29, 34]
375, 2006-07-03, [3, 11, 12, 19, 22, 39]
376, 2006-07-06, [5, 15, 25, 28, 32, 37]
377, 2006-07-10, [7, 10, 35, 40, 41, 42]
378, 2006-07-13, [5, 6, 7, 12, 19, 40]
379, 2006-08-17, [1, 4, 7, 11, 12, 32]
380, 2006-08-17, [1, 4, 7, 11, 12, 32]
381, 2006-08-17, [1, 4, 7, 11, 12, 32]
382, 2006-08-17, [1, 4, 7, 11, 12, 32]
383, 2006-08-17, [1, 4, 7, 11, 12, 32]
384, 2006-08-17, [1, 4, 7, 11, 12, 32]
385, 2006-08-17, [1, 4, 7, 11, 12, 32]
386, 2006-08-17, [1, 4, 7, 11, 12, 32]
387, 2006-08-17, [1, 4, 7, 11, 12, 32]
388, 2006-08-17, [1, 4, 7, 11, 12, 32]
389, 2006-08-21, [14, 32, 35, 37, 39, 40]
390, 2006-08-24, [6, 13, 15, 25, 28, 33]
391, 2006-08-28, [5, 11, 18, 20, 25, 32]
392, 2006-08-31, [12, 21, 22, 23, 39, 42]
393, 2006-09-04, [3, 19, 22, 25, 26, 33]
394, 2006-09-07, [3, 7, 8, 9, 11, 30]
395, 2006-09-11, [7, 10, 17, 19, 21, 23]
396, 2006-09-14, [2, 6, 18, 19, 29, 34]
397, 2006-09-18, [8, 11, 12, 17, 21, 31]
398, 2006-09-21, [6, 15, 16, 19, 25, 32]
399, 2006-09-25, [6, 8, 9, 27, 28, 30]
400, 2006-09-28, [8, 19, 20, 25, 27, 41]
401, 2006-10-02, [1, 6, 9, 15, 23, 35]
402, 2006-10-05, [17, 23, 28, 31, 32, 41]
403, 2006-10-09, [2, 7, 8, 14, 26, 28]
404, 2006-10-12, [12, 16, 17, 19, 20, 37]
405, 2006-10-16, [12, 25, 26, 27, 37, 40]
406, 2006-10-19, [6, 18, 19, 21, 28, 34]
407, 2006-10-23, [9, 10, 17, 18, 20, 31]
408, 2006-10-26, [1, 7, 8, 17, 20, 39]
409, 2006-10-30, [1, 11, 26, 28, 30, 33]
410, 2006-11-02, [6, 7, 12, 24, 25, 28]
411, 2006-11-06, [12, 14, 16, 17, 19, 24]
412, 2006-11-09, [2, 8, 12, 15, 19, 38]
413, 2006-11-13, [2, 6, 7, 22, 30, 36]
414, 2006-11-16, [6, 14, 20, 34, 40, 41]
415, 2006-11-21, [4, 5, 7, 10, 14, 27]
416, 2006-11-25, [1, 4, 13, 20, 33, 38]
417, 2006-11-27, [8, 11, 14, 18, 30, 41]
418, 2006-11-30, [8, 36, 38, 39, 40, 41]
419, 2006-12-04, [1, 8, 13, 14, 31, 34]
420, 2006-12-07, [9, 28, 35, 37, 38, 41]
421, 2006-12-11, [1, 5, 20, 26, 29, 39]
422, 2006-12-14, [6, 30, 31, 34, 40, 42]
423, 2006-12-18, [1, 10, 16, 27, 36, 37]
424, 2006-12-21, [10, 14, 22, 23, 33, 42]
425, 2006-12-26, [8, 16, 17, 22, 34, 41]
426, 2006-12-28, [1, 18, 20, 34, 40, 41]


Content of 2007.txt:
427, 2007-01-02, [11, 13, 15, 16, 19, 21]
428, 2007-01-04, [1, 3, 7, 12, 14, 35]
429, 2007-01-08, [3, 8, 12, 16, 30, 39]
430, 2007-01-11, [12, 14, 18, 19, 22, 38]
431, 2007-01-15, [1, 3, 10, 13, 37, 41]
432, 2007-01-18, [11, 16, 28, 29, 35, 40]
433, 2007-01-22, [10, 15, 19, 23, 27, 39]
434, 2007-01-26, [1, 4, 6, 15, 29, 41]
435, 2007-01-29, [14, 16, 19, 20, 33, 38]
436, 2007-02-01, [3, 5, 6, 22, 25, 39]
437, 2007-02-05, [4, 5, 8, 15, 29, 32]
438, 2007-02-08, [9, 11, 15, 20, 27, 33]
439, 2007-02-12, [10, 15, 17, 18, 24, 39]
440, 2007-02-15, [1, 13, 19, 29, 30, 36]
441, 2007-02-19, [1, 14, 20, 22, 35, 36]
442, 2007-02-22, [4, 21, 23, 29, 32, 37]
443, 2007-02-26, [12, 13, 17, 21, 24, 25]
444, 2007-03-01, [7, 23, 24, 26, 27, 30]
445, 2007-03-05, [3, 20, 30, 31, 38, 40]
446, 2007-03-08, [2, 9, 15, 22, 24, 42]
447, 2007-03-12, [6, 8, 13, 17, 19, 32]
448, 2007-03-15, [11, 13, 14, 32, 38, 39]
449, 2007-03-19, [14, 15, 25, 28, 29, 39]
450, 2007-03-22, [7, 20, 21, 25, 37, 38]
451, 2007-03-26, [1, 10, 19, 20, 23, 41]
452, 2007-03-29, [1, 16, 28, 33, 34, 39]
453, 2007-04-02, [16, 19, 24, 29, 32, 34]
454, 2007-04-05, [15, 28, 32, 35, 36, 42]
455, 2007-04-10, [1, 3, 23, 28, 30, 39]
456, 2007-04-12, [7, 10, 15, 18, 24, 35]
457, 2007-04-16, [8, 12, 21, 30, 35, 42]
458, 2007-04-19, [3, 8, 9, 11, 17, 28]
459, 2007-04-23, [2, 13, 21, 28, 34, 37]
460, 2007-04-26, [4, 15, 26, 28, 30, 42]
461, 2007-04-30, [2, 12, 13, 29, 37, 42]
462, 2007-05-07, [13, 20, 21, 30, 32, 36]
463, 2007-05-07, [13, 20, 21, 30, 32, 36]
464, 2007-05-10, [5, 9, 17, 18, 20, 26]
465, 2007-05-14, [4, 7, 14, 27, 32, 42]
466, 2007-05-17, [7, 13, 15, 24, 32, 37]
467, 2007-05-21, [2, 4, 6, 7, 25, 28]
468, 2007-05-24, [1, 13, 20, 30, 33, 39]
469, 2007-05-28, [12, 15, 19, 26, 33, 39]
470, 2007-05-31, [13, 15, 25, 29, 31, 34]
471, 2007-06-04, [21, 24, 27, 35, 36, 40]
472, 2007-06-08, [6, 7, 13, 17, 21, 37]
473, 2007-06-11, [6, 16, 28, 29, 30, 31]
474, 2007-06-15, [12, 17, 22, 24, 37, 41]
475, 2007-06-18, [3, 9, 17, 19, 27, 40]
476, 2007-06-22, [6, 11, 13, 18, 34, 42]
477, 2007-06-25, [20, 21, 25, 32, 40, 41]
478, 2007-06-28, [9, 15, 18, 36, 38, 42]
479, 2007-07-02, [7, 9, 14, 22, 23, 37]
480, 2007-07-05, [3, 11, 16, 21, 23, 42]
481, 2007-07-09, [14, 18, 26, 37, 39, 42]
482, 2007-07-12, [6, 9, 10, 14, 20, 36]
483, 2007-07-16, [1, 5, 22, 27, 33, 42]
484, 2007-07-19, [6, 13, 24, 28, 38, 41]
485, 2007-07-23, [1, 15, 32, 33, 41, 42]
486, 2007-07-26, [2, 6, 8, 9, 11, 12]
487, 2007-07-30, [2, 4, 14, 23, 24, 32]
488, 2007-08-02, [11, 17, 19, 30, 32, 34]
489, 2007-08-06, [1, 3, 6, 8, 12, 18]
490, 2007-08-09, [5, 8, 9, 15, 21, 33]
491, 2007-08-13, [6, 15, 18, 20, 22, 38]
492, 2007-08-16, [1, 4, 12, 23, 32, 39]
493, 2007-08-20, [1, 7, 20, 24, 40, 41]
494, 2007-08-23, [17, 27, 29, 32, 36, 38]
495, 2007-08-27, [15, 27, 35, 36, 39, 40]
496, 2007-08-30, [2, 23, 26, 27, 34, 37]
497, 2007-09-03, [12, 17, 20, 34, 37, 40]
498, 2007-09-06, [3, 12, 13, 19, 20, 40]
499, 2007-09-10, [14, 25, 26, 31, 32, 42]
500, 2007-09-13, [5, 25, 28, 29, 33, 41]
501, 2007-09-17, [1, 3, 8, 11, 19, 37]
502, 2007-09-20, [6, 25, 35, 36, 38, 40]
503, 2007-09-24, [8, 9, 15, 16, 23, 29]
504, 2007-09-27, [7, 12, 13, 18, 41, 42]
505, 2007-10-01, [3, 10, 27, 31, 41, 42]
506, 2007-10-04, [7, 9, 14, 25, 37, 40]
507, 2007-10-08, [1, 6, 15, 30, 33, 40]
508, 2007-10-11, [4, 20, 21, 28, 37, 39]
509, 2007-10-15, [6, 25, 28, 32, 34, 41]
510, 2007-10-18, [8, 15, 20, 22, 39, 40]
511, 2007-10-22, [4, 5, 12, 15, 19, 41]
512, 2007-10-25, [9, 13, 20, 25, 31, 41]
513, 2007-10-29, [5, 15, 16, 18, 19, 22]
514, 2007-11-01, [11, 12, 17, 20, 34, 41]
515, 2007-11-05, [8, 10, 15, 19, 21, 25]
516, 2007-11-08, [8, 9, 11, 17, 41, 42]
517, 2007-11-12, [12, 18, 20, 33, 37, 40]
518, 2007-11-15, [13, 22, 25, 31, 34, 40]
519, 2007-11-19, [3, 23, 32, 36, 39, 41]
520, 2007-11-22, [1, 22, 25, 31, 33, 40]
521, 2007-11-26, [10, 12, 24, 25, 39, 42]
522, 2007-11-29, [11, 14, 26, 28, 32, 42]
523, 2007-12-03, [3, 7, 12, 19, 23, 42]
524, 2007-12-06, [3, 9, 16, 18, 26, 27]
525, 2007-12-10, [1, 6, 14, 23, 29, 40]
526, 2007-12-13, [2, 5, 22, 26, 28, 31]
527, 2007-12-17, [1, 14, 22, 25, 36, 37]
528, 2007-12-20, [3, 19, 28, 30, 32, 39]
529, 2007-12-24, [12, 19, 21, 23, 34, 39]
530, 2007-12-27, [4, 5, 15, 22, 30, 39]
531, 2007-12-31, [3, 14, 15, 18, 19, 25]


Content of 2008.txt:
532, 2008-01-03, [5, 6, 12, 21, 24, 33]
533, 2008-01-07, [4, 12, 18, 27, 30, 33]
534, 2008-01-10, [2, 4, 7, 22, 25, 34]
535, 2008-01-14, [6, 8, 10, 24, 25, 32]
536, 2008-01-17, [5, 9, 11, 18, 22, 36]
537, 2008-01-21, [3, 10, 13, 18, 24, 37]
538, 2008-01-24, [7, 12, 17, 23, 32, 39]
539, 2008-01-28, [1, 3, 4, 20, 24, 27]
540, 2008-01-31, [3, 7, 29, 31, 35, 37]
541, 2008-02-04, [6, 14, 30, 31, 41, 42]
542, 2008-02-07, [2, 9, 20, 22, 26, 34]
543, 2008-02-11, [9, 15, 17, 23, 28, 42]
544, 2008-02-15, [2, 8, 18, 19, 23, 35]
545, 2008-02-18, [4, 8, 9, 34, 37, 39]
546, 2008-02-21, [3, 7, 10, 13, 26, 36]
547, 2008-02-25, [2, 7, 10, 18, 20, 34]
548, 2008-02-28, [3, 4, 15, 16, 22, 26]
549, 2008-03-03, [10, 12, 25, 29, 34, 40]
550, 2008-03-06, [19, 22, 27, 28, 29, 35]
551, 2008-03-10, [6, 8, 15, 24, 25, 42]
552, 2008-03-13, [1, 8, 21, 22, 30, 37]
553, 2008-03-17, [3, 6, 10, 13, 20, 26]
554, 2008-03-20, [1, 4, 12, 15, 16, 22]
555, 2008-03-24, [7, 10, 16, 22, 30, 41]
556, 2008-03-27, [1, 3, 30, 34, 36, 37]
557, 2008-03-31, [10, 11, 16, 22, 30, 41]
558, 2008-04-03, [5, 19, 34, 35, 38, 42]
559, 2008-04-07, [3, 4, 14, 21, 26, 42]
560, 2008-04-10, [8, 14, 15, 18, 26, 32]
561, 2008-04-14, [8, 10, 11, 18, 29, 35]
562, 2008-04-17, [6, 9, 20, 25, 38, 39]
563, 2008-04-21, [4, 19, 24, 31, 32, 37]
564, 2008-04-24, [8, 30, 37, 38, 40, 42]
565, 2008-04-28, [11, 14, 21, 30, 31, 35]
566, 2008-05-01, [7, 14, 23, 27, 33, 34]
567, 2008-05-05, [20, 24, 26, 27, 30, 31]
568, 2008-05-09, [12, 13, 17, 20, 23, 25]
569, 2008-05-12, [15, 16, 30, 33, 40, 42]
570, 2008-05-15, [15, 16, 30, 33, 40, 42]
571, 2008-05-19, [2, 10, 21, 22, 27, 41]
572, 2008-05-22, [10, 14, 18, 22, 28, 39]
573, 2008-05-26, [4, 11, 27, 29, 38, 42]
574, 2008-05-29, [5, 17, 26, 27, 31, 41]
575, 2008-06-02, [10, 17, 22, 24, 29, 37]
576, 2008-06-05, [7, 13, 17, 30, 31, 38]
577, 2008-06-09, [2, 14, 18, 19, 24, 39]
578, 2008-06-12, [3, 6, 7, 8, 33, 35]
579, 2008-06-16, [3, 9, 12, 14, 21, 34]
580, 2008-06-19, [3, 6, 8, 16, 21, 31]
581, 2008-06-23, [15, 20, 25, 30, 35, 36]
582, 2008-06-26, [6, 12, 17, 25, 28, 30]
583, 2008-06-30, [5, 8, 11, 20, 35, 40]
584, 2008-07-03, [11, 15, 29, 30, 31, 33]
585, 2008-07-07, [6, 9, 16, 34, 35, 40]
586, 2008-07-10, [3, 21, 28, 34, 36, 39]
587, 2008-07-14, [4, 5, 9, 10, 32, 36]
588, 2008-07-17, [3, 17, 20, 21, 25, 33]
589, 2008-07-21, [6, 9, 12, 19, 21, 40]
590, 2008-07-24, [13, 15, 16, 21, 34, 40]
591, 2008-07-28, [17, 21, 36, 37, 41, 42]
592, 2008-07-31, [1, 9, 13, 21, 34, 36]
593, 2008-08-04, [3, 12, 15, 26, 29, 32]
594, 2008-08-07, [5, 22, 23, 25, 31, 32]
595, 2008-08-11, [8, 9, 26, 31, 40, 41]
596, 2008-08-15, [1, 3, 13, 14, 31, 32]
597, 2008-08-18, [6, 13, 14, 16, 18, 19]
598, 2008-08-21, [2, 4, 14, 20, 38, 42]
599, 2008-08-25, [2, 7, 10, 13, 19, 32]
600, 2008-08-28, [2, 3, 13, 29, 31, 42]
601, 2008-09-01, [8, 10, 19, 21, 26, 42]
602, 2008-09-04, [1, 9, 16, 19, 20, 25]
603, 2008-09-08, [1, 12, 22, 23, 33, 40]
604, 2008-09-11, [17, 22, 28, 36, 37, 39]
605, 2008-09-15, [5, 11, 15, 24, 28, 36]
606, 2008-09-18, [4, 16, 23, 30, 32, 39]
607, 2008-09-22, [14, 17, 20, 24, 29, 42]
608, 2008-09-25, [8, 9, 22, 32, 34, 35]
609, 2008-09-29, [19, 23, 27, 29, 33, 41]
610, 2008-10-02, [2, 3, 4, 13, 30, 32]
611, 2008-10-06, [1, 4, 6, 7, 13, 29]
612, 2008-10-09, [8, 13, 16, 20, 27, 37]
613, 2008-10-13, [5, 10, 12, 23, 40, 42]
614, 2008-10-16, [1, 8, 13, 19, 22, 33]
615, 2008-10-20, [10, 23, 35, 36, 38, 40]
616, 2008-10-23, [8, 13, 21, 29, 35, 40]
617, 2008-10-27, [10, 16, 18, 29, 35, 37]
618, 2008-10-30, [12, 13, 14, 20, 26, 40]
619, 2008-11-03, [10, 15, 21, 24, 26, 37]
620, 2008-11-06, [3, 15, 25, 27, 29, 31]
621, 2008-11-10, [1, 4, 17, 24, 35, 40]
622, 2008-11-13, [19, 20, 21, 22, 31, 35]
623, 2008-11-17, [6, 9, 14, 28, 29, 37]
624, 2008-11-20, [3, 16, 20, 22, 34, 36]
625, 2008-11-24, [9, 16, 22, 30, 32, 40]
626, 2008-11-27, [17, 24, 28, 37, 38, 41]
627, 2008-12-01, [1, 7, 16, 28, 33, 35]
628, 2008-12-04, [4, 7, 15, 21, 26, 38]
629, 2008-12-08, [4, 7, 32, 34, 39, 41]
630, 2008-12-11, [5, 14, 24, 26, 27, 33]
631, 2008-12-15, [5, 8, 13, 23, 30, 42]
632, 2008-12-18, [4, 5, 12, 29, 32, 39]
633, 2008-12-22, [1, 6, 12, 21, 25, 42]
634, 2008-12-26, [24, 25, 26, 28, 29, 35]
635, 2008-12-29, [2, 3, 10, 12, 17, 28]


Content of 2009.txt:
636, 2009-01-02, [13, 15, 16, 23, 33, 40]
637, 2009-01-05, [8, 10, 16, 18, 39, 40]
638, 2009-01-08, [13, 18, 23, 29, 33, 39]
639, 2009-01-12, [9, 14, 16, 22, 30, 38]
640, 2009-01-15, [6, 7, 26, 31, 37, 38]
641, 2009-01-19, [22, 23, 25, 27, 29, 36]
642, 2009-01-22, [2, 12, 15, 22, 23, 26]
643, 2009-01-26, [3, 4, 8, 13, 18, 39]
644, 2009-01-29, [4, 11, 12, 14, 26, 28]
645, 2009-02-02, [2, 16, 23, 28, 34, 41]
646, 2009-02-05, [1, 3, 15, 17, 25, 34]
647, 2009-02-09, [6, 7, 14, 26, 29, 40]
648, 2009-02-12, [13, 17, 19, 20, 24, 27]
649, 2009-02-16, [3, 4, 8, 22, 28, 29]
650, 2009-02-19, [6, 9, 19, 23, 25, 37]
651, 2009-02-23, [8, 19, 20, 38, 39, 40]
652, 2009-02-26, [8, 11, 16, 21, 36, 42]
653, 2009-03-02, [3, 13, 17, 19, 23, 27]
654, 2009-03-05, [9, 13, 23, 28, 35, 41]
655, 2009-03-09, [6, 27, 28, 30, 33, 35]
656, 2009-03-12, [4, 18, 24, 35, 36, 38]
657, 2009-03-16, [1, 7, 11, 18, 40, 41]
658, 2009-03-19, [3, 7, 10, 21, 23, 30]
659, 2009-03-23, [10, 17, 29, 31, 38, 42]
660, 2009-03-26, [11, 14, 19, 20, 34, 39]
661, 2009-03-30, [2, 8, 9, 30, 34, 36]
662, 2009-04-02, [2, 3, 10, 11, 36, 37]
663, 2009-04-06, [5, 13, 17, 21, 25, 36]
664, 2009-04-09, [3, 11, 16, 31, 33, 42]
665, 2009-04-13, [17, 18, 21, 34, 35, 38]
666, 2009-04-16, [2, 9, 17, 18, 20, 35]
667, 2009-04-20, [2, 3, 6, 26, 40, 41]
668, 2009-04-23, [6, 24, 31, 32, 33, 35]
669, 2009-04-27, [6, 14, 16, 29, 33, 34]
670, 2009-04-30, [25, 26, 29, 33, 35, 40]
671, 2009-05-04, [11, 12, 15, 18, 22, 25]
672, 2009-05-07, [5, 17, 19, 24, 25, 36]
673, 2009-05-11, [10, 21, 22, 26, 29, 33]
674, 2009-05-14, [11, 20, 28, 36, 41, 42]
675, 2009-05-18, [9, 11, 13, 16, 32, 37]
676, 2009-05-21, [13, 27, 31, 32, 33, 42]
677, 2009-05-25, [2, 3, 23, 28, 29, 39]
678, 2009-05-28, [13, 17, 19, 24, 27, 38]
679, 2009-06-01, [3, 10, 19, 28, 40, 42]
680, 2009-06-04, [14, 30, 35, 37, 39, 41]
681, 2009-06-09, [1, 14, 18, 23, 26, 31]
682, 2009-06-11, [3, 9, 11, 20, 34, 37]
683, 2009-06-15, [1, 12, 17, 31, 37, 39]
684, 2009-06-18, [8, 9, 14, 25, 27, 35]
685, 2009-06-22, [30, 32, 34, 36, 38, 39]
686, 2009-06-25, [18, 21, 25, 28, 35, 42]
687, 2009-06-29, [14, 16, 18, 19, 29, 42]
688, 2009-07-02, [9, 13, 26, 27, 38, 42]
689, 2009-07-06, [7, 13, 15, 25, 34, 41]
690, 2009-07-09, [9, 10, 17, 29, 30, 40]
691, 2009-07-13, [4, 5, 10, 20, 26, 28]
692, 2009-07-16, [8, 9, 13, 26, 30, 34]
693, 2009-07-20, [11, 17, 28, 36, 38, 40]
694, 2009-07-23, [14, 17, 19, 24, 30, 32]
695, 2009-07-27, [2, 9, 20, 25, 37, 41]
696, 2009-07-30, [8, 10, 12, 19, 20, 42]
697, 2009-08-03, [2, 4, 7, 11, 21, 37]
698, 2009-08-06, [15, 20, 22, 23, 25, 37]
699, 2009-08-10, [2, 12, 21, 29, 33, 39]
700, 2009-08-13, [8, 21, 22, 31, 34, 38]
701, 2009-08-17, [3, 13, 15, 21, 25, 35]
702, 2009-08-20, [8, 17, 20, 21, 22, 39]
703, 2009-08-24, [7, 18, 28, 38, 39, 41]
704, 2009-08-27, [14, 27, 29, 35, 36, 40]
705, 2009-08-31, [8, 11, 12, 15, 27, 35]
706, 2009-09-03, [3, 15, 20, 26, 27, 35]
707, 2009-09-07, [5, 12, 13, 22, 33, 42]
708, 2009-09-10, [5, 6, 10, 18, 27, 28]
709, 2009-09-14, [6, 7, 14, 15, 27, 29]
710, 2009-09-17, [9, 10, 15, 19, 27, 35]
711, 2009-09-21, [10, 12, 21, 30, 34, 41]
712, 2009-09-24, [1, 7, 12, 14, 26, 38]
713, 2009-09-28, [3, 18, 28, 35, 37, 39]
714, 2009-10-01, [3, 17, 18, 28, 36, 40]
715, 2009-10-05, [9, 20, 22, 31, 40, 41]
716, 2009-10-08, [12, 17, 25, 31, 33, 35]
717, 2009-10-12, [2, 15, 22, 24, 31, 41]
718, 2009-10-15, [13, 15, 27, 30, 38, 42]
719, 2009-10-19, [10, 25, 30, 31, 34, 38]
720, 2009-10-22, [2, 4, 5, 10, 14, 35]
721, 2009-10-26, [1, 2, 5, 18, 26, 39]
722, 2009-10-29, [14, 19, 20, 27, 29, 37]
723, 2009-11-02, [1, 5, 7, 30, 32, 38]
724, 2009-11-05, [5, 16, 24, 29, 37, 42]
725, 2009-11-09, [8, 11, 13, 15, 17, 29]
726, 2009-11-12, [6, 9, 10, 12, 14, 39]
727, 2009-11-16, [1, 14, 23, 31, 38, 40]
728, 2009-11-19, [3, 7, 10, 18, 29, 36]
729, 2009-11-23, [4, 6, 7, 12, 15, 18]
730, 2009-11-26, [6, 10, 16, 17, 27, 42]
731, 2009-11-30, [4, 14, 18, 20, 41, 42]
732, 2009-12-03, [15, 17, 19, 32, 35, 38]
733, 2009-12-07, [13, 22, 24, 25, 27, 35]
734, 2009-12-10, [1, 11, 12, 13, 27, 41]
735, 2009-12-14, [13, 15, 16, 17, 35, 40]
736, 2009-12-17, [4, 22, 25, 34, 37, 42]
737, 2009-12-21, [4, 12, 24, 28, 32, 35]
738, 2009-12-24, [3, 6, 8, 11, 32, 42]
739, 2009-12-28, [8, 22, 28, 34, 36, 40]
740, 2009-12-31, [4, 16, 22, 30, 38, 39]


Content of 2010.txt:
741, 2010-01-04, [1, 13, 29, 37, 38, 39]
742, 2010-01-07, [6, 10, 25, 26, 31, 42]
743, 2010-01-11, [6, 11, 25, 29, 33, 36]
744, 2010-01-14, [1, 21, 28, 29, 33, 37]
745, 2010-01-18, [8, 18, 22, 26, 37, 42]
746, 2010-01-21, [2, 4, 34, 37, 41, 42]
747, 2010-01-26, [16, 19, 20, 37, 38, 41]
748, 2010-01-28, [3, 8, 11, 23, 28, 40]
749, 2010-02-01, [1, 12, 17, 22, 36, 38]
750, 2010-02-04, [6, 15, 24, 34, 38, 39]
751, 2010-02-08, [10, 12, 18, 23, 37, 38]
752, 2010-02-11, [4, 16, 24, 35, 40, 42]
753, 2010-02-15, [11, 23, 24, 27, 28, 38]
754, 2010-02-18, [7, 12, 15, 16, 25, 31]
755, 2010-02-22, [3, 17, 19, 21, 31, 41]
756, 2010-02-25, [2, 3, 14, 16, 31, 41]
757, 2010-03-01, [20, 25, 27, 38, 40, 41]
758, 2010-03-04, [10, 14, 26, 28, 31, 37]
759, 2010-03-08, [2, 7, 14, 23, 25, 29]
760, 2010-03-11, [1, 2, 16, 27, 29, 30]
761, 2010-03-15, [19, 23, 24, 31, 32, 42]
762, 2010-03-18, [2, 5, 11, 26, 31, 33]
763, 2010-03-22, [4, 17, 21, 28, 33, 35]
764, 2010-03-25, [2, 3, 8, 20, 32, 39]
765, 2010-03-29, [2, 6, 11, 20, 22, 34]
766, 2010-04-01, [10, 14, 21, 35, 37, 42]
767, 2010-04-06, [4, 10, 13, 14, 29, 30]
768, 2010-04-08, [4, 12, 17, 22, 27, 34]
769, 2010-04-12, [3, 7, 9, 14, 29, 41]
770, 2010-04-15, [1, 3, 10, 27, 41, 42]
771, 2010-04-19, [4, 11, 12, 14, 19, 32]
772, 2010-04-22, [8, 15, 24, 29, 40, 42]
773, 2010-04-26, [1, 7, 9, 10, 19, 38]
774, 2010-04-29, [6, 28, 34, 35, 38, 39]
775, 2010-05-03, [15, 22, 27, 32, 34, 35]
776, 2010-05-06, [11, 13, 18, 24, 27, 28]
777, 2010-05-10, [4, 7, 16, 19, 28, 32]
778, 2010-05-13, [1, 8, 12, 15, 32, 39]
779, 2010-05-17, [8, 26, 27, 39, 40, 42]
780, 2010-05-20, [3, 11, 14, 15, 28, 34]
781, 2010-05-24, [3, 18, 19, 27, 30, 31]
782, 2010-05-27, [7, 22, 23, 27, 34, 40]
783, 2010-05-31, [10, 22, 26, 27, 37, 41]
784, 2010-06-03, [5, 7, 24, 27, 40, 42]
785, 2010-06-07, [3, 7, 12, 37, 38, 41]
786, 2010-06-10, [10, 11, 14, 30, 32, 41]
787, 2010-06-14, [7, 17, 19, 23, 31, 39]
788, 2010-06-17, [2, 9, 18, 35, 38, 40]
789, 2010-06-21, [4, 6, 15, 33, 37, 38]
790, 2010-06-24, [7, 10, 15, 29, 30, 34]
791, 2010-06-28, [5, 18, 21, 25, 35, 42]
792, 2010-07-01, [13, 30, 31, 38, 40, 42]
793, 2010-07-05, [10, 15, 17, 27, 34, 42]
794, 2010-07-08, [4, 8, 12, 19, 25, 32]
795, 2010-07-12, [1, 10, 21, 28, 33, 42]
796, 2010-07-15, [1, 9, 14, 22, 30, 41]
797, 2010-07-19, [7, 19, 24, 28, 29, 40]
798, 2010-07-22, [2, 14, 22, 27, 29, 40]
799, 2010-07-26, [1, 4, 7, 11, 35, 38]
800, 2010-07-29, [5, 7, 13, 33, 39, 40]
801, 2010-08-02, [13, 16, 21, 26, 29, 37]
802, 2010-08-05, [6, 14, 18, 31, 36, 38]
803, 2010-08-09, [7, 8, 19, 20, 26, 32]
804, 2010-08-12, [3, 7, 18, 28, 35, 37]
805, 2010-08-16, [1, 4, 15, 20, 26, 40]
806, 2010-08-19, [1, 17, 24, 29, 30, 40]
807, 2010-08-23, [2, 9, 10, 23, 26, 37]
808, 2010-08-26, [5, 13, 21, 24, 25, 34]
809, 2010-08-30, [4, 5, 18, 22, 30, 37]
810, 2010-09-02, [1, 14, 26, 31, 34, 35]
811, 2010-09-06, [8, 11, 15, 21, 26, 41]
812, 2010-09-09, [11, 13, 18, 19, 34, 38]
813, 2010-09-13, [2, 10, 11, 24, 40, 42]
814, 2010-09-16, [6, 12, 14, 15, 20, 25]
815, 2010-09-20, [8, 16, 25, 26, 30, 33]
816, 2010-09-23, [4, 5, 13, 14, 34, 41]
817, 2010-09-27, [8, 16, 21, 27, 32, 42]
818, 2010-09-30, [11, 25, 29, 30, 32, 35]
819, 2010-10-04, [10, 11, 19, 25, 30, 40]
820, 2010-10-07, [13, 15, 18, 22, 30, 41]
821, 2010-10-11, [2, 7, 23, 28, 39, 42]
822, 2010-10-14, [1, 3, 18, 26, 28, 29]
823, 2010-10-18, [3, 12, 17, 20, 38, 40]
824, 2010-10-21, [3, 4, 6, 10, 19, 38]
825, 2010-10-25, [12, 23, 25, 27, 31, 35]
826, 2010-10-28, [1, 6, 26, 36, 39, 41]
827, 2010-11-01, [6, 11, 17, 20, 23, 32]
828, 2010-11-04, [3, 13, 19, 21, 23, 27]
829, 2010-11-08, [16, 18, 22, 27, 38, 41]
830, 2010-11-11, [5, 10, 12, 14, 28, 33]
831, 2010-11-15, [2, 17, 18, 30, 34, 37]
832, 2010-11-18, [12, 13, 25, 30, 31, 32]
833, 2010-11-22, [2, 6, 12, 24, 29, 39]
834, 2010-11-25, [10, 21, 23, 24, 29, 42]
835, 2010-11-29, [1, 8, 16, 19, 25, 37]
836, 2010-12-02, [1, 3, 15, 16, 28, 42]
837, 2010-12-06, [4, 10, 20, 24, 31, 34]
838, 2010-12-09, [8, 10, 14, 18, 19, 22]
839, 2010-12-13, [5, 6, 7, 15, 39, 40]
840, 2010-12-16, [4, 8, 9, 15, 40, 41]
841, 2010-12-20, [14, 16, 27, 28, 38, 41]
842, 2010-12-23, [1, 15, 21, 22, 26, 38]
843, 2010-12-27, [5, 8, 18, 20, 30, 35]
844, 2010-12-30, [6, 15, 18, 20, 21, 25]


Content of 2011.txt:
845, 2011-01-03, [8, 10, 21, 25, 28, 32]
846, 2011-01-06, [13, 20, 25, 28, 35, 40]
847, 2011-01-10, [6, 7, 14, 22, 29, 30]
848, 2011-01-13, [19, 34, 36, 40, 41, 42]
849, 2011-01-17, [7, 8, 32, 34, 35, 36]
850, 2011-01-20, [2, 14, 16, 22, 25, 41]
851, 2011-01-24, [15, 19, 20, 23, 36, 39]
852, 2011-01-27, [4, 6, 15, 34, 35, 37]
853, 2011-01-31, [12, 17, 18, 31, 34, 37]
854, 2011-02-03, [1, 11, 17, 30, 31, 33]
855, 2011-02-07, [1, 21, 23, 24, 25, 32]
856, 2011-02-10, [1, 3, 4, 13, 22, 28]
857, 2011-02-14, [5, 13, 14, 21, 25, 42]
858, 2011-02-17, [3, 12, 20, 31, 34, 35]
859, 2011-02-21, [3, 6, 11, 16, 21, 28]
860, 2011-02-24, [6, 18, 20, 27, 39, 40]
861, 2011-02-28, [17, 22, 26, 34, 38, 39]
862, 2011-03-03, [9, 11, 20, 22, 29, 39]
863, 2011-03-07, [10, 23, 25, 28, 39, 40]
864, 2011-03-10, [6, 9, 10, 12, 15, 19]
865, 2011-03-14, [11, 14, 19, 25, 31, 39]
866, 2011-03-17, [4, 7, 10, 12, 15, 40]
867, 2011-03-21, [4, 15, 19, 22, 24, 38]
868, 2011-03-24, [3, 11, 12, 15, 22, 24]
869, 2011-03-28, [4, 10, 26, 31, 33, 37]
870, 2011-03-31, [15, 16, 18, 22, 28, 41]
871, 2011-04-04, [20, 21, 33, 35, 36, 41]
872, 2011-04-07, [1, 3, 14, 24, 25, 28]
873, 2011-04-11, [9, 12, 14, 21, 22, 42]
874, 2011-04-14, [11, 13, 24, 25, 27, 39]
875, 2011-04-18, [11, 14, 22, 31, 35, 36]
876, 2011-04-21, [4, 8, 10, 13, 22, 26]
877, 2011-04-26, [13, 18, 22, 24, 26, 37]
878, 2011-04-28, [8, 10, 23, 27, 29, 34]
879, 2011-05-02, [8, 14, 21, 25, 35, 41]
880, 2011-05-05, [4, 13, 19, 24, 27, 36]
881, 2011-05-09, [19, 23, 28, 29, 34, 35]
882, 2011-05-12, [12, 13, 17, 24, 25, 27]
883, 2011-05-16, [2, 12, 13, 18, 22, 34]
884, 2011-05-19, [4, 21, 22, 25, 33, 41]
885, 2011-05-23, [5, 13, 19, 25, 39, 41]
886, 2011-05-26, [3, 11, 21, 30, 32, 40]
887, 2011-05-30, [1, 17, 20, 23, 28, 34]
888, 2011-06-02, [2, 3, 7, 8, 15, 20]
889, 2011-06-06, [3, 8, 17, 19, 31, 41]
890, 2011-06-09, [4, 11, 22, 32, 40, 42]
891, 2011-06-13, [10, 22, 28, 31, 34, 39]
892, 2011-06-16, [4, 9, 20, 22, 33, 42]
893, 2011-06-20, [12, 14, 17, 18, 20, 23]
894, 2011-06-23, [3, 16, 20, 23, 27, 41]
895, 2011-06-27, [1, 4, 10, 16, 24, 29]
896, 2011-06-30, [7, 9, 17, 18, 23, 34]
897, 2011-07-04, [11, 13, 25, 27, 32, 34]
898, 2011-07-07, [9, 13, 16, 26, 38, 42]
899, 2011-07-11, [5, 8, 23, 24, 25, 33]
900, 2011-07-14, [6, 9, 16, 25, 27, 39]
901, 2011-07-18, [6, 8, 14, 19, 20, 38]
902, 2011-07-21, [7, 10, 12, 20, 36, 40]
903, 2011-07-25, [3, 14, 32, 33, 36, 38]
904, 2011-07-28, [1, 5, 8, 18, 22, 33]
905, 2011-08-01, [1, 2, 14, 24, 36, 40]
906, 2011-08-04, [12, 13, 20, 28, 29, 38]
907, 2011-08-08, [4, 10, 12, 15, 22, 34]
908, 2011-08-11, [4, 6, 13, 15, 24, 33]
909, 2011-08-15, [12, 16, 19, 29, 37, 39]
910, 2011-08-18, [4, 25, 26, 30, 34, 42]
911, 2011-08-22, [5, 13, 22, 33, 34, 40]
912, 2011-08-25, [3, 4, 6, 14, 16, 39]
913, 2011-08-29, [3, 13, 14, 18, 22, 37]
914, 2011-09-01, [1, 17, 18, 20, 23, 29]
915, 2011-09-05, [6, 8, 18, 29, 35, 42]
916, 2011-09-08, [3, 14, 23, 30, 34, 35]
917, 2011-09-12, [1, 14, 15, 23, 32, 34]
918, 2011-09-15, [4, 6, 13, 18, 33, 41]
919, 2011-09-19, [1, 4, 14, 15, 20, 31]
920, 2011-09-22, [15, 23, 25, 30, 39, 40]
921, 2011-09-26, [10, 15, 29, 30, 34, 38]
922, 2011-09-29, [5, 6, 12, 16, 24, 38]
923, 2011-10-03, [5, 20, 28, 31, 33, 39]
924, 2011-10-06, [6, 10, 18, 25, 27, 42]
925, 2011-10-10, [6, 8, 9, 13, 30, 36]
926, 2011-10-13, [1, 8, 9, 26, 35, 38]
927, 2011-10-17, [2, 14, 32, 40, 41, 42]
928, 2011-10-20, [5, 15, 21, 31, 36, 41]
929, 2011-10-24, [3, 12, 14, 27, 32, 39]
930, 2011-10-27, [18, 23, 24, 30, 34, 40]
931, 2011-10-31, [7, 9, 23, 32, 40, 41]
932, 2011-11-03, [1, 2, 14, 20, 26, 29]
933, 2011-11-07, [9, 11, 32, 33, 37, 41]
934, 2011-11-10, [2, 8, 31, 32, 34, 37]
935, 2011-11-14, [9, 10, 13, 22, 32, 40]
936, 2011-11-17, [1, 13, 16, 18, 25, 42]
937, 2011-11-21, [11, 14, 18, 21, 22, 23]
938, 2011-11-24, [3, 13, 20, 32, 38, 41]
939, 2011-11-28, [4, 10, 11, 17, 28, 32]
940, 2011-12-01, [8, 13, 24, 25, 27, 32]
941, 2011-12-05, [5, 12, 16, 23, 26, 31]
942, 2011-12-08, [17, 23, 31, 34, 35, 42]
943, 2011-12-12, [2, 4, 13, 21, 37, 38]
944, 2011-12-15, [3, 12, 22, 24, 28, 39]
945, 2011-12-19, [7, 18, 21, 29, 31, 36]
946, 2011-12-22, [8, 13, 14, 22, 41, 42]
947, 2011-12-27, [3, 5, 20, 24, 27, 35]
948, 2011-12-29, [10, 12, 15, 22, 23, 27]


Content of 2012.txt:
949, 2012-01-03, [6, 11, 15, 27, 30, 38]
950, 2012-01-05, [6, 12, 17, 18, 22, 31]
951, 2012-01-09, [6, 23, 26, 29, 30, 39]
952, 2012-01-12, [19, 25, 27, 28, 33, 36]
953, 2012-01-16, [5, 13, 14, 27, 36, 41]
954, 2012-01-19, [9, 16, 17, 18, 33, 38]
955, 2012-01-23, [6, 21, 24, 26, 33, 36]
956, 2012-01-26, [25, 30, 32, 34, 35, 41]
957, 2012-01-30, [16, 19, 22, 25, 31, 36]
958, 2012-02-02, [16, 27, 30, 31, 37, 39]
959, 2012-02-06, [10, 18, 29, 31, 32, 41]
960, 2012-02-09, [14, 20, 21, 23, 34, 42]
961, 2012-02-13, [7, 21, 29, 30, 38, 39]
962, 2012-02-16, [1, 5, 10, 16, 18, 37]
963, 2012-02-20, [15, 20, 34, 35, 37, 41]
964, 2012-02-23, [2, 8, 19, 21, 34, 37]
965, 2012-02-27, [6, 8, 11, 16, 20, 27]
966, 2012-03-01, [3, 21, 25, 30, 32, 38]
967, 2012-03-05, [2, 12, 25, 29, 37, 38]
968, 2012-03-08, [20, 27, 28, 30, 36, 37]
969, 2012-03-12, [5, 14, 22, 23, 30, 37]
970, 2012-03-15, [10, 11, 14, 17, 33, 34]
971, 2012-03-19, [4, 7, 14, 15, 20, 36]
972, 2012-03-22, [17, 21, 22, 32, 36, 42]
973, 2012-03-26, [2, 4, 6, 12, 20, 22]
974, 2012-03-29, [2, 7, 12, 26, 36, 41]
975, 2012-04-02, [1, 2, 16, 28, 33, 35]
976, 2012-04-05, [4, 6, 16, 17, 21, 30]
977, 2012-04-10, [10, 11, 14, 25, 27, 28]
978, 2012-04-12, [1, 12, 19, 23, 24, 34]
979, 2012-04-17, [3, 18, 20, 27, 32, 33]
980, 2012-04-19, [14, 18, 29, 32, 40, 42]
981, 2012-04-23, [2, 8, 9, 23, 27, 39]
982, 2012-04-26, [5, 7, 9, 20, 31, 35]
983, 2012-04-30, [5, 9, 13, 19, 34, 42]
984, 2012-05-03, [1, 5, 9, 23, 28, 41]
985, 2012-05-07, [1, 2, 4, 11, 14, 42]
986, 2012-05-10, [1, 7, 27, 35, 38, 39]
987, 2012-05-14, [2, 3, 13, 14, 24, 41]
988, 2012-05-17, [3, 13, 21, 24, 29, 32]
989, 2012-05-21, [11, 18, 19, 24, 36, 38]
990, 2012-05-24, [1, 11, 16, 33, 39, 41]
991, 2012-05-28, [2, 5, 16, 21, 34, 35]
992, 2012-05-31, [1, 8, 12, 20, 32, 38]
993, 2012-06-04, [8, 21, 23, 35, 36, 39]
994, 2012-06-07, [10, 15, 22, 23, 28, 38]
995, 2012-06-11, [5, 14, 23, 25, 38, 40]
996, 2012-06-14, [1, 11, 12, 19, 23, 24]
997, 2012-06-18, [19, 20, 23, 24, 26, 36]
998, 2012-06-21, [4, 20, 24, 30, 36, 40]
999, 2012-06-25, [2, 4, 25, 31, 33, 36]
1000, 2012-06-28, [5, 12, 13, 29, 34, 39]
1001, 2012-07-02, [7, 25, 28, 32, 35, 39]
1002, 2012-07-05, [5, 18, 30, 34, 41, 42]
1003, 2012-07-09, [13, 17, 18, 27, 31, 34]
1004, 2012-07-12, [5, 17, 18, 33, 35, 41]
1005, 2012-07-16, [11, 19, 20, 28, 35, 37]
1006, 2012-07-19, [1, 9, 15, 22, 29, 33]
1007, 2012-07-23, [7, 12, 18, 23, 29, 34]
1008, 2012-07-26, [7, 15, 25, 35, 40, 41]
1009, 2012-07-30, [3, 6, 13, 14, 29, 30]
1010, 2012-08-02, [4, 12, 28, 29, 34, 39]
1011, 2012-08-06, [1, 2, 17, 29, 39, 40]
1012, 2012-08-09, [7, 8, 13, 29, 31, 40]
1013, 2012-08-13, [18, 22, 24, 32, 41, 42]
1014, 2012-08-16, [1, 13, 24, 27, 34, 42]
1015, 2012-08-21, [1, 18, 22, 32, 38, 41]
1016, 2012-08-23, [5, 11, 29, 30, 31, 36]
1017, 2012-08-27, [4, 15, 27, 30, 34, 39]
1018, 2012-08-30, [17, 20, 26, 27, 36, 38]
1019, 2012-09-03, [3, 10, 14, 19, 37, 40]
1020, 2012-09-06, [8, 9, 24, 31, 35, 37]
1021, 2012-09-10, [1, 9, 16, 20, 34, 39]
1022, 2012-09-13, [2, 6, 8, 9, 27, 39]
1023, 2012-09-17, [5, 8, 9, 16, 25, 31]
1024, 2012-09-20, [10, 12, 24, 28, 32, 37]
1025, 2012-09-24, [1, 3, 11, 16, 19, 33]
1026, 2012-09-27, [8, 15, 28, 36, 38, 41]
1027, 2012-10-01, [1, 5, 13, 21, 29, 40]
1028, 2012-10-04, [1, 5, 14, 26, 32, 35]
1029, 2012-10-08, [2, 8, 10, 13, 22, 31]
1030, 2012-10-11, [2, 8, 17, 18, 21, 25]
1031, 2012-10-15, [7, 10, 19, 22, 25, 27]
1032, 2012-10-18, [2, 11, 17, 18, 28, 38]
1033, 2012-10-22, [3, 5, 6, 7, 8, 14]
1034, 2012-10-25, [2, 4, 6, 11, 28, 42]
1035, 2012-10-29, [6, 8, 14, 20, 23, 26]
1036, 2012-11-01, [12, 19, 21, 24, 26, 40]
1037, 2012-11-05, [2, 13, 14, 17, 31, 42]
1038, 2012-11-08, [1, 5, 8, 9, 29, 42]
1039, 2012-11-12, [9, 11, 24, 26, 39, 40]
1040, 2012-11-15, [9, 13, 20, 28, 29, 42]
1041, 2012-11-19, [8, 16, 17, 21, 33, 35]
1042, 2012-11-22, [18, 28, 29, 32, 37, 38]
1043, 2012-11-26, [6, 26, 28, 29, 34, 39]
1044, 2012-11-29, [6, 12, 18, 20, 25, 34]
1045, 2012-12-03, [2, 27, 28, 29, 34, 39]
1046, 2012-12-06, [1, 9, 12, 14, 16, 24]
1047, 2012-12-10, [1, 2, 17, 39, 40, 42]
1048, 2012-12-13, [2, 6, 10, 12, 22, 23]
1049, 2012-12-17, [6, 8, 14, 19, 25, 42]
1050, 2012-12-20, [17, 27, 28, 34, 40, 42]
1051, 2012-12-24, [6, 7, 13, 31, 37, 39]
1052, 2012-12-27, [2, 3, 8, 23, 37, 39]
1053, 2012-12-31, [9, 15, 30, 32, 39, 42]


Content of 2013.txt:
1054, 2013-01-03, [8, 15, 21, 24, 32, 38]
1055, 2013-01-07, [2, 11, 15, 19, 26, 30]
1056, 2013-01-10, [8, 11, 16, 25, 30, 35]
1057, 2013-01-14, [15, 21, 27, 31, 37, 38]
1058, 2013-01-17, [6, 15, 16, 24, 29, 42]
1059, 2013-01-21, [2, 17, 24, 28, 34, 36]
1060, 2013-01-24, [3, 23, 25, 34, 37, 41]
1061, 2013-01-28, [4, 6, 21, 28, 29, 36]
1062, 2013-01-31, [11, 22, 26, 31, 37, 39]
1063, 2013-02-04, [4, 9, 14, 20, 28, 34]
1064, 2013-02-07, [10, 11, 12, 17, 26, 42]
1065, 2013-02-11, [13, 20, 24, 30, 31, 41]
1066, 2013-02-14, [3, 4, 12, 21, 23, 26]
1067, 2013-02-18, [5, 14, 18, 20, 32, 41]
1068, 2013-02-21, [3, 4, 16, 22, 25, 42]
1069, 2013-02-25, [3, 14, 21, 36, 41, 42]
1070, 2013-02-28, [4, 14, 16, 17, 33, 38]
1071, 2013-03-04, [5, 10, 11, 15, 28, 40]
1072, 2013-03-07, [11, 17, 23, 26, 32, 41]
1073, 2013-03-11, [14, 16, 23, 26, 28, 34]
1074, 2013-03-14, [1, 23, 26, 32, 35, 37]
1075, 2013-03-18, [2, 4, 14, 29, 31, 32]
1076, 2013-03-21, [4, 13, 18, 19, 22, 41]
1077, 2013-03-25, [6, 13, 25, 29, 36, 38]
1078, 2013-03-28, [2, 5, 16, 23, 27, 29]
1079, 2013-04-02, [9, 11, 13, 14, 15, 29]
1080, 2013-04-04, [14, 15, 20, 22, 29, 37]
1081, 2013-04-08, [8, 11, 24, 25, 36, 42]
1082, 2013-04-11, [9, 15, 16, 33, 37, 40]
1083, 2013-04-15, [5, 12, 13, 33, 36, 41]
1084, 2013-04-18, [4, 18, 19, 23, 36, 40]
1085, 2013-04-22, [8, 12, 15, 20, 23, 42]
1086, 2013-04-25, [4, 6, 9, 13, 14, 18]
1087, 2013-04-29, [9, 11, 16, 33, 36, 38]
1088, 2013-05-02, [1, 3, 4, 20, 24, 26]
1089, 2013-05-07, [5, 27, 32, 35, 36, 38]
1090, 2013-05-09, [4, 21, 25, 31, 35, 40]
1091, 2013-05-13, [2, 7, 18, 38, 39, 41]
1092, 2013-05-16, [7, 15, 23, 25, 32, 40]
1093, 2013-05-20, [4, 8, 9, 16, 35, 40]
1094, 2013-05-23, [9, 19, 24, 33, 34, 37]
1095, 2013-05-27, [14, 16, 27, 28, 36, 42]
1096, 2013-05-30, [5, 18, 19, 23, 38, 40]
1097, 2013-06-03, [6, 14, 21, 26, 32, 40]
1098, 2013-06-06, [2, 8, 21, 24, 36, 40]
1099, 2013-06-10, [12, 15, 22, 23, 30, 41]
1100, 2013-06-13, [3, 4, 8, 17, 19, 41]
1101, 2013-06-17, [2, 3, 8, 11, 16, 28]
1102, 2013-06-20, [2, 4, 17, 22, 26, 31]
1103, 2013-06-24, [10, 13, 19, 20, 21, 36]
1104, 2013-06-27, [3, 7, 8, 12, 20, 24]
1105, 2013-07-01, [9, 14, 17, 27, 35, 40]
1106, 2013-07-04, [10, 18, 19, 24, 27, 28]
1107, 2013-07-08, [11, 12, 19, 30, 34, 41]
1108, 2013-07-11, [1, 14, 32, 36, 39, 41]
1109, 2013-07-15, [1, 8, 11, 19, 29, 40]
1110, 2013-07-18, [1, 10, 18, 23, 33, 34]
1111, 2013-07-22, [1, 6, 13, 23, 36, 37]
1112, 2013-07-25, [21, 33, 35, 40, 41, 42]
1113, 2013-07-29, [4, 23, 25, 35, 36, 39]
1114, 2013-08-01, [4, 12, 17, 34, 40, 42]
1115, 2013-08-05, [2, 3, 7, 9, 25, 33]
1116, 2013-08-08, [2, 3, 13, 19, 36, 39]
1117, 2013-08-12, [1, 6, 10, 15, 35, 42]
1118, 2013-08-15, [3, 12, 20, 23, 32, 41]
1119, 2013-08-19, [13, 17, 21, 33, 35, 36]
1120, 2013-08-22, [1, 2, 3, 17, 19, 32]
1121, 2013-08-26, [19, 22, 36, 37, 40, 41]
1122, 2013-08-29, [14, 15, 21, 27, 34, 41]
1123, 2013-09-02, [1, 4, 7, 17, 30, 31]
1124, 2013-09-05, [1, 8, 17, 18, 31, 40]
1125, 2013-09-09, [7, 14, 20, 32, 38, 40]
1126, 2013-09-12, [5, 7, 22, 30, 35, 40]
1127, 2013-09-16, [2, 5, 9, 24, 31, 33]
1128, 2013-09-19, [13, 14, 24, 26, 27, 31]
1129, 2013-09-23, [5, 8, 10, 11, 16, 20]
1130, 2013-09-26, [20, 22, 28, 34, 40, 41]
1131, 2013-09-30, [4, 5, 8, 12, 21, 35]
1132, 2013-10-03, [10, 14, 18, 27, 31, 39]
1133, 2013-10-07, [2, 8, 14, 20, 25, 30]
1134, 2013-10-10, [1, 8, 19, 28, 40, 41]
1135, 2013-10-14, [3, 11, 15, 23, 28, 38]
1136, 2013-10-17, [7, 10, 11, 17, 20, 25]
1137, 2013-10-21, [3, 6, 13, 15, 30, 33]
1138, 2013-10-24, [6, 14, 18, 20, 36, 42]
1139, 2013-10-28, [1, 10, 18, 22, 23, 32]
1140, 2013-10-31, [2, 4, 16, 29, 30, 41]
1141, 2013-11-04, [5, 14, 18, 20, 34, 37]
1142, 2013-11-07, [13, 14, 20, 31, 36, 40]
1143, 2013-11-11, [1, 17, 22, 40, 41, 42]
1144, 2013-11-14, [16, 17, 19, 22, 27, 36]
1145, 2013-11-18, [11, 15, 19, 23, 26, 34]
1146, 2013-11-21, [2, 17, 19, 27, 31, 40]
1147, 2013-11-25, [1, 8, 10, 13, 24, 27]
1148, 2013-11-28, [6, 12, 18, 22, 32, 33]
1149, 2013-12-02, [4, 7, 8, 10, 20, 31]
1150, 2013-12-05, [4, 28, 31, 38, 39, 42]
1151, 2013-12-09, [3, 8, 12, 25, 26, 38]
1152, 2013-12-12, [4, 8, 12, 13, 20, 32]
1153, 2013-12-16, [4, 5, 9, 15, 24, 38]
1154, 2013-12-19, [1, 3, 12, 14, 16, 32]
1155, 2013-12-23, [1, 5, 9, 13, 30, 40]
1156, 2013-12-26, [9, 16, 32, 36, 38, 41]
1157, 2013-12-30, [1, 5, 6, 8, 30, 33]


Content of 2014.txt:
1158, 2014-01-02, [2, 7, 15, 19, 24, 39]
1159, 2014-01-06, [22, 23, 24, 28, 37, 42]
1160, 2014-01-09, [9, 19, 26, 32, 34, 42]
1161, 2014-01-13, [11, 15, 16, 20, 21, 24]
1162, 2014-01-16, [20, 24, 27, 31, 33, 41]
1163, 2014-01-20, [11, 21, 23, 24, 32, 33]
1164, 2014-01-23, [6, 12, 21, 23, 35, 41]
1165, 2014-01-27, [4, 9, 14, 24, 31, 36]
1166, 2014-01-30, [12, 13, 14, 22, 29, 42]
1167, 2014-02-03, [8, 15, 21, 30, 32, 42]
1168, 2014-02-06, [4, 10, 12, 17, 32, 41]
1169, 2014-02-10, [1, 10, 17, 28, 30, 39]
1170, 2014-02-13, [10, 14, 21, 32, 36, 37]
1171, 2014-02-17, [4, 17, 23, 25, 33, 38]
1172, 2014-02-20, [1, 4, 9, 22, 29, 33]
1173, 2014-02-24, [6, 22, 28, 31, 35, 37]
1174, 2014-02-27, [5, 11, 13, 27, 29, 36]
1175, 2014-03-03, [12, 20, 25, 28, 33, 38]
1176, 2014-03-06, [3, 9, 19, 24, 33, 35]
1177, 2014-03-10, [9, 14, 16, 17, 25, 28]
1178, 2014-03-13, [2, 15, 18, 22, 33, 42]
1179, 2014-03-17, [17, 22, 30, 33, 37, 39]
1180, 2014-03-20, [6, 9, 11, 32, 36, 42]
1181, 2014-03-24, [2, 10, 16, 17, 22, 31]
1182, 2014-03-27, [4, 9, 27, 32, 33, 34]
1183, 2014-03-31, [2, 6, 14, 23, 29, 32]
1184, 2014-04-03, [9, 20, 22, 24, 27, 31]
1185, 2014-04-07, [3, 9, 18, 23, 30, 33]
1186, 2014-04-10, [5, 21, 24, 28, 34, 37]
1187, 2014-04-14, [6, 8, 9, 23, 33, 37]
1188, 2014-04-17, [16, 23, 28, 29, 36, 41]
1189, 2014-04-22, [2, 11, 16, 22, 26, 34]
1190, 2014-04-24, [9, 19, 29, 30, 31, 39]
1191, 2014-04-28, [11, 18, 23, 24, 29, 37]
1192, 2014-05-01, [22, 26, 27, 31, 34, 36]
1193, 2014-05-05, [6, 8, 13, 33, 34, 37]
1194, 2014-05-08, [15, 17, 20, 35, 39, 42]
1195, 2014-05-12, [3, 11, 15, 28, 36, 39]
1196, 2014-05-15, [4, 7, 15, 40, 41, 42]
1197, 2014-05-19, [7, 10, 12, 27, 28, 32]
1198, 2014-05-22, [2, 4, 11, 14, 25, 41]
1199, 2014-05-26, [13, 14, 18, 21, 33, 39]
1200, 2014-05-29, [4, 8, 12, 20, 39, 41]
1201, 2014-06-02, [4, 7, 21, 24, 36, 38]
1202, 2014-06-05, [5, 7, 14, 18, 35, 41]
1203, 2014-06-09, [6, 16, 23, 24, 29, 31]
1204, 2014-06-12, [1, 17, 30, 31, 34, 35]
1205, 2014-06-16, [3, 4, 13, 19, 21, 34]
1206, 2014-06-19, [4, 5, 6, 18, 24, 36]
1207, 2014-06-23, [4, 23, 29, 31, 33, 42]
1208, 2014-06-26, [5, 10, 21, 22, 26, 41]
1209, 2014-06-30, [6, 23, 29, 31, 35, 40]
1210, 2014-07-03, [8, 12, 17, 33, 34, 41]
1211, 2014-07-07, [3, 21, 23, 27, 35, 36]
1212, 2014-07-10, [4, 19, 30, 32, 38, 42]
1213, 2014-07-14, [4, 6, 18, 23, 26, 29]
1214, 2014-07-17, [5, 12, 19, 29, 31, 37]
1215, 2014-07-21, [2, 5, 13, 16, 30, 38]
1216, 2014-07-24, [9, 10, 24, 27, 32, 39]
1217, 2014-07-28, [4, 5, 10, 19, 22, 33]
1218, 2014-07-31, [5, 8, 9, 13, 31, 40]
1219, 2014-08-04, [1, 3, 6, 12, 19, 24]
1220, 2014-08-07, [8, 10, 14, 27, 28, 30]
1221, 2014-08-11, [9, 16, 27, 29, 36, 39]
1222, 2014-08-14, [7, 17, 26, 35, 36, 37]
1223, 2014-08-18, [12, 13, 18, 29, 34, 41]
1224, 2014-08-21, [1, 4, 17, 19, 36, 42]
1225, 2014-08-25, [5, 7, 15, 25, 37, 41]
1226, 2014-08-28, [4, 7, 16, 22, 37, 40]
1227, 2014-09-01, [3, 6, 17, 22, 26, 30]
1228, 2014-09-04, [2, 6, 9, 23, 27, 31]
1229, 2014-09-08, [2, 5, 7, 11, 23, 33]
1230, 2014-09-11, [2, 3, 7, 15, 20, 42]
1231, 2014-09-15, [5, 10, 19, 21, 24, 32]
1232, 2014-09-18, [3, 5, 18, 28, 36, 37]
1233, 2014-09-22, [2, 3, 18, 28, 31, 41]
1234, 2014-09-25, [2, 3, 6, 7, 18, 38]
1235, 2014-09-29, [14, 20, 21, 24, 30, 33]
1236, 2014-10-02, [6, 7, 10, 30, 33, 35]
1237, 2014-10-06, [7, 8, 10, 18, 20, 41]
1238, 2014-10-09, [2, 3, 15, 19, 20, 36]
1239, 2014-10-13, [8, 9, 20, 31, 40, 41]
1240, 2014-10-16, [1, 21, 25, 30, 37, 39]
1241, 2014-10-20, [8, 14, 20, 28, 30, 41]
1242, 2014-10-23, [4, 9, 20, 24, 39, 41]
1243, 2014-10-27, [6, 7, 22, 25, 29, 38]
1244, 2014-10-30, [4, 26, 27, 31, 35, 40]
1245, 2014-11-03, [2, 18, 25, 34, 38, 40]
1246, 2014-11-06, [3, 15, 17, 19, 29, 30]
1247, 2014-11-10, [4, 17, 18, 32, 36, 40]
1248, 2014-11-13, [9, 13, 19, 20, 34, 37]
1249, 2014-11-17, [3, 6, 9, 11, 12, 23]
1250, 2014-11-20, [1, 17, 24, 26, 30, 31]
1251, 2014-11-24, [3, 4, 8, 16, 25, 28]
1252, 2014-11-27, [5, 7, 11, 28, 33, 41]
1253, 2014-12-01, [2, 12, 13, 14, 16, 42]
1254, 2014-12-04, [4, 7, 12, 28, 30, 39]
1255, 2014-12-08, [25, 28, 29, 32, 36, 39]
1256, 2014-12-11, [14, 15, 21, 25, 29, 36]
1257, 2014-12-15, [1, 3, 11, 18, 23, 35]
1258, 2014-12-18, [3, 11, 12, 34, 41, 42]
1259, 2014-12-22, [6, 13, 14, 25, 30, 38]
1260, 2014-12-26, [8, 10, 12, 18, 24, 36]
1261, 2014-12-29, [2, 11, 12, 13, 20, 40]


Content of 2015.txt:
1262, 2015-01-02, [1, 2, 5, 26, 35, 38]
1263, 2015-01-05, [4, 6, 10, 11, 15, 21]
1264, 2015-01-08, [8, 20, 29, 31, 32, 40]
1265, 2015-01-12, [5, 6, 9, 33, 36, 41]
1266, 2015-01-15, [7, 16, 23, 25, 33, 40]
1267, 2015-01-19, [11, 12, 15, 27, 34, 40]
1268, 2015-01-22, [2, 15, 22, 28, 29, 41]
1269, 2015-01-26, [10, 15, 20, 29, 30, 41]
1270, 2015-01-29, [4, 6, 7, 13, 36, 39]
1271, 2015-02-02, [6, 9, 12, 14, 22, 29]
1272, 2015-02-05, [16, 17, 19, 28, 35, 39]
1273, 2015-02-09, [20, 35, 36, 38, 41, 42]
1274, 2015-02-12, [7, 16, 17, 18, 30, 31]
1275, 2015-02-16, [17, 24, 26, 27, 32, 40]
1276, 2015-02-19, [9, 14, 23, 25, 33, 42]
1277, 2015-02-23, [4, 6, 21, 32, 36, 40]
1278, 2015-02-26, [1, 4, 17, 27, 35, 36]
1279, 2015-03-02, [5, 14, 22, 23, 25, 31]
1280, 2015-03-05, [3, 5, 16, 19, 24, 31]
1281, 2015-03-09, [8, 19, 21, 24, 40, 42]
1282, 2015-03-12, [2, 4, 15, 26, 28, 33]
1283, 2015-03-16, [16, 20, 23, 26, 27, 29]
1284, 2015-03-19, [2, 5, 30, 40, 41, 42]
1285, 2015-03-23, [4, 7, 16, 29, 32, 42]
1286, 2015-03-26, [18, 19, 25, 29, 32, 37]
1287, 2015-03-30, [1, 17, 19, 24, 32, 33]
1288, 2015-04-02, [4, 6, 11, 22, 25, 34]
1289, 2015-04-07, [4, 11, 18, 25, 32, 42]
1290, 2015-04-09, [5, 7, 20, 36, 38, 39]
1291, 2015-04-14, [2, 16, 24, 28, 30, 41]
1292, 2015-04-16, [3, 6, 11, 20, 22, 32]
1293, 2015-04-20, [9, 13, 27, 34, 35, 41]
1294, 2015-04-23, [7, 11, 12, 18, 21, 25]
1295, 2015-04-27, [4, 20, 27, 28, 34, 40]
1296, 2015-04-30, [5, 13, 18, 26, 31, 36]
1297, 2015-05-04, [4, 20, 29, 33, 37, 41]
1298, 2015-05-07, [8, 13, 23, 24, 26, 41]
1299, 2015-05-11, [1, 3, 5, 17, 29, 36]
1300, 2015-05-14, [5, 14, 25, 33, 37, 41]
1301, 2015-05-18, [1, 6, 14, 18, 20, 33]
1302, 2015-05-21, [1, 2, 9, 30, 41, 42]
1303, 2015-05-25, [2, 4, 9, 13, 20, 34]
1304, 2015-05-28, [1, 8, 20, 22, 28, 35]
1305, 2015-06-01, [2, 8, 17, 20, 28, 33]
1306, 2015-06-04, [13, 24, 25, 33, 38, 42]
1307, 2015-06-08, [1, 4, 10, 11, 15, 25]
1308, 2015-06-11, [22, 25, 27, 33, 35, 37]
1309, 2015-06-15, [20, 21, 28, 32, 41, 42]
1310, 2015-06-18, [4, 5, 15, 19, 24, 25]
1311, 2015-06-22, [1, 20, 22, 29, 32, 39]
1312, 2015-06-25, [4, 11, 22, 27, 33, 40]
1313, 2015-06-29, [3, 17, 23, 30, 37, 40]
1314, 2015-07-02, [6, 9, 11, 21, 22, 25]
1315, 2015-07-06, [12, 14, 16, 19, 29, 36]
1316, 2015-07-09, [5, 9, 15, 25, 34, 42]
1317, 2015-07-13, [5, 7, 13, 23, 32, 38]
1318, 2015-07-16, [16, 17, 18, 30, 35, 36]
1319, 2015-07-20, [5, 10, 26, 27, 33, 38]
1320, 2015-07-23, [11, 13, 15, 25, 32, 33]
1321, 2015-07-27, [4, 6, 10, 20, 36, 40]
1322, 2015-07-30, [5, 6, 8, 29, 30, 38]
1323, 2015-08-03, [4, 16, 20, 22, 30, 35]
1324, 2015-08-06, [6, 10, 11, 14, 19, 34]
1325, 2015-08-10, [2, 4, 8, 9, 13, 18]
1326, 2015-08-13, [3, 9, 15, 20, 21, 24]
1327, 2015-08-17, [8, 24, 28, 29, 34, 36]
1328, 2015-08-20, [11, 20, 21, 27, 28, 29]
1329, 2015-08-24, [6, 12, 16, 35, 37, 39]
1330, 2015-08-27, [2, 5, 10, 24, 27, 38]
1331, 2015-08-31, [9, 11, 22, 25, 31, 39]
1332, 2015-09-03, [1, 2, 9, 14, 16, 22]
1333, 2015-09-07, [1, 6, 11, 20, 28, 29]
1334, 2015-09-10, [6, 10, 13, 18, 28, 42]
1335, 2015-09-14, [13, 16, 21, 34, 37, 42]
1336, 2015-09-17, [3, 8, 14, 23, 35, 38]
1337, 2015-09-21, [2, 4, 6, 19, 30, 38]
1338, 2015-09-24, [8, 14, 17, 18, 20, 35]
1339, 2015-09-28, [3, 11, 12, 17, 38, 41]
1340, 2015-10-01, [2, 7, 10, 11, 26, 31]
1341, 2015-10-05, [1, 18, 23, 26, 29, 34]
1342, 2015-10-08, [7, 11, 13, 14, 21, 30]
1343, 2015-10-12, [13, 16, 21, 28, 30, 34]
1344, 2015-10-15, [7, 20, 27, 29, 38, 41]
1345, 2015-10-19, [12, 15, 24, 28, 37, 39]
1346, 2015-10-22, [8, 14, 16, 26, 32, 37]
1347, 2015-10-26, [21, 24, 27, 32, 36, 40]
1348, 2015-10-29, [4, 8, 25, 32, 40, 41]
1349, 2015-11-02, [5, 6, 8, 12, 17, 39]
1350, 2015-11-05, [6, 7, 12, 20, 29, 39]
1351, 2015-11-09, [9, 10, 16, 20, 23, 36]
1352, 2015-11-12, [2, 12, 14, 18, 33, 36]
1353, 2015-11-16, [8, 26, 30, 31, 34, 37]
1354, 2015-11-19, [14, 17, 31, 32, 33, 40]
1355, 2015-11-23, [15, 17, 19, 20, 34, 39]
1356, 2015-11-26, [15, 18, 22, 24, 31, 37]
1357, 2015-11-30, [9, 13, 16, 34, 38, 40]
1358, 2015-12-03, [4, 5, 9, 16, 21, 38]
1359, 2015-12-07, [10, 17, 24, 30, 34, 37]
1360, 2015-12-10, [5, 13, 14, 30, 38, 42]
1361, 2015-12-14, [11, 24, 28, 31, 33, 37]
1362, 2015-12-17, [3, 16, 26, 27, 31, 36]
1363, 2015-12-21, [2, 4, 5, 18, 21, 37]
1364, 2015-12-24, [2, 19, 29, 31, 36, 39]
1365, 2015-12-28, [9, 13, 16, 31, 34, 39]
1366, 2015-12-31, [6, 18, 22, 31, 35, 37]


Content of 2016.txt:
1367, 2016-01-04, [4, 5, 16, 19, 27, 39]
1368, 2016-01-07, [5, 9, 25, 28, 37, 38]
1369, 2016-01-11, [3, 16, 17, 18, 29, 33]
1370, 2016-01-14, [15, 21, 31, 36, 37, 41]
1371, 2016-01-18, [6, 10, 22, 23, 25, 35]
1372, 2016-01-21, [2, 19, 22, 23, 25, 27]
1373, 2016-01-25, [11, 12, 17, 21, 40, 42]
1374, 2016-01-28, [9, 19, 21, 23, 30, 42]
1375, 2016-02-01, [4, 6, 14, 16, 23, 36]
1376, 2016-02-04, [4, 17, 21, 22, 32, 33]
1377, 2016-02-08, [6, 12, 13, 15, 29, 30]
1378, 2016-02-11, [10, 20, 21, 26, 31, 36]
1379, 2016-02-15, [12, 21, 26, 27, 37, 38]
1380, 2016-02-18, [13, 30, 33, 37, 40, 41]
1381, 2016-02-22, [1, 16, 33, 35, 36, 41]
1382, 2016-02-25, [11, 21, 22, 27, 29, 38]
1383, 2016-02-29, [5, 17, 18, 19, 35, 40]
1384, 2016-03-03, [11, 15, 16, 19, 20, 41]
1385, 2016-03-07, [12, 15, 29, 33, 35, 38]
1386, 2016-03-10, [5, 11, 20, 26, 36, 40]
1387, 2016-03-14, [1, 16, 17, 24, 30, 32]
1388, 2016-03-17, [9, 19, 25, 31, 33, 38]
1389, 2016-03-21, [1, 16, 19, 21, 22, 23]
1390, 2016-03-24, [5, 6, 15, 16, 29, 30]
1391, 2016-03-29, [2, 3, 8, 13, 33, 37]
1392, 2016-03-31, [7, 14, 17, 23, 26, 33]
1393, 2016-04-04, [7, 12, 14, 25, 32, 38]
1394, 2016-04-07, [1, 3, 17, 18, 28, 31]
1395, 2016-04-11, [6, 7, 10, 20, 34, 41]
1396, 2016-04-14, [6, 17, 24, 26, 38, 42]
1397, 2016-04-18, [8, 25, 28, 32, 36, 37]
1398, 2016-04-21, [1, 6, 13, 20, 32, 38]
1399, 2016-04-25, [6, 12, 13, 16, 37, 42]
1400, 2016-04-28, [3, 7, 8, 19, 35, 42]
1401, 2016-05-03, [11, 15, 21, 28, 30, 32]
1402, 2016-05-05, [4, 7, 16, 17, 24, 39]
1403, 2016-05-09, [2, 8, 19, 20, 28, 37]
1404, 2016-05-12, [21, 23, 31, 32, 34, 39]
1405, 2016-05-16, [9, 17, 18, 25, 30, 32]
1406, 2016-05-19, [9, 12, 13, 30, 31, 35]
1407, 2016-05-23, [5, 11, 15, 19, 23, 37]
1408, 2016-05-26, [6, 20, 23, 31, 34, 40]
1409, 2016-05-30, [15, 16, 28, 34, 37, 38]
1410, 2016-06-02, [3, 13, 19, 20, 34, 38]
1411, 2016-06-06, [1, 17, 24, 27, 38, 40]
1412, 2016-06-09, [1, 12, 21, 31, 34, 38]
1413, 2016-06-13, [1, 10, 12, 34, 36, 37]
1414, 2016-06-16, [11, 24, 25, 27, 40, 42]
1415, 2016-06-20, [8, 10, 24, 31, 33, 39]
1416, 2016-06-23, [9, 15, 28, 30, 32, 41]
1417, 2016-06-27, [3, 19, 23, 26, 34, 35]
1418, 2016-06-30, [3, 13, 14, 16, 19, 32]
1419, 2016-07-04, [4, 18, 25, 35, 36, 40]
1420, 2016-07-07, [14, 15, 21, 32, 37, 41]
1421, 2016-07-11, [9, 22, 31, 34, 37, 42]
1422, 2016-07-14, [2, 8, 12, 17, 31, 33]
1423, 2016-07-18, [9, 20, 23, 27, 33, 39]
1424, 2016-07-21, [26, 27, 29, 30, 31, 39]
1425, 2016-07-25, [10, 14, 18, 28, 32, 33]
1426, 2016-07-28, [10, 12, 14, 18, 30, 41]
1427, 2016-08-01, [9, 14, 18, 27, 37, 38]
1428, 2016-08-04, [3, 4, 7, 14, 15, 39]
1429, 2016-08-08, [1, 28, 35, 38, 39, 42]
1430, 2016-08-11, [7, 28, 30, 32, 36, 40]
1431, 2016-08-15, [6, 10, 25, 30, 33, 38]
1432, 2016-08-18, [6, 9, 31, 33, 34, 40]
1433, 2016-08-22, [2, 9, 18, 21, 25, 34]
1434, 2016-08-25, [2, 7, 10, 24, 33, 37]
1435, 2016-08-29, [10, 13, 23, 25, 33, 35]
1436, 2016-09-01, [8, 9, 13, 17, 32, 40]
1437, 2016-09-05, [2, 9, 23, 29, 31, 38]
1438, 2016-09-08, [1, 6, 10, 21, 22, 36]
1439, 2016-09-12, [4, 13, 19, 21, 25, 37]
1440, 2016-09-15, [9, 10, 11, 17, 18, 31]
1441, 2016-09-19, [18, 22, 28, 30, 33, 34]
1442, 2016-09-22, [1, 12, 15, 28, 31, 35]
1443, 2016-09-26, [2, 20, 23, 27, 29, 39]
1444, 2016-09-29, [12, 23, 28, 29, 36, 42]
1445, 2016-10-03, [3, 12, 20, 33, 34, 38]
1446, 2016-10-06, [3, 10, 15, 20, 41, 42]
1447, 2016-10-10, [4, 6, 7, 12, 21, 36]
1448, 2016-10-13, [6, 20, 24, 25, 29, 41]
1449, 2016-10-17, [10, 15, 23, 29, 32, 36]
1450, 2016-10-20, [10, 13, 16, 23, 33, 40]
1451, 2016-10-24, [19, 29, 36, 37, 38, 41]
1452, 2016-10-27, [2, 12, 15, 19, 29, 34]
1453, 2016-10-31, [1, 2, 7, 8, 12, 38]
1454, 2016-11-03, [2, 9, 18, 20, 24, 37]
1455, 2016-11-07, [16, 20, 21, 24, 30, 31]
1456, 2016-11-10, [4, 10, 13, 27, 31, 33]
1457, 2016-11-14, [9, 14, 19, 26, 33, 41]
1458, 2016-11-17, [5, 7, 9, 13, 17, 39]
1459, 2016-11-21, [10, 13, 19, 26, 32, 42]
1460, 2016-11-24, [3, 9, 19, 21, 24, 35]
1461, 2016-11-28, [12, 15, 19, 31, 32, 37]
1462, 2016-12-01, [3, 17, 18, 22, 34, 41]
1463, 2016-12-05, [4, 21, 27, 32, 34, 42]
1464, 2016-12-08, [6, 13, 18, 23, 26, 33]
1465, 2016-12-12, [5, 25, 26, 29, 30, 36]
1466, 2016-12-15, [1, 11, 18, 20, 27, 34]
1467, 2016-12-19, [6, 12, 13, 18, 21, 40]
1468, 2016-12-22, [3, 4, 7, 14, 18, 40]
1469, 2016-12-26, [11, 17, 29, 36, 41, 42]
1470, 2016-12-29, [1, 6, 20, 21, 31, 35]


Content of 2017.txt:
1471, 2017-01-02, [1, 4, 10, 14, 20, 28]
1472, 2017-01-05, [4, 9, 19, 23, 33, 34]
1473, 2017-01-09, [3, 19, 23, 24, 27, 37]
1474, 2017-01-12, [4, 8, 20, 25, 34, 40]
1475, 2017-01-16, [13, 15, 23, 24, 29, 37]
1476, 2017-01-19, [17, 18, 23, 30, 33, 35]
1477, 2017-01-23, [7, 22, 26, 36, 37, 38]
1478, 2017-01-26, [7, 19, 25, 28, 33, 40]
1479, 2017-01-30, [4, 7, 15, 20, 33, 34]
1480, 2017-02-02, [7, 26, 29, 32, 35, 41]
1481, 2017-02-06, [2, 3, 12, 25, 36, 40]
1482, 2017-02-09, [3, 17, 26, 31, 39, 41]
1483, 2017-02-13, [3, 4, 26, 30, 33, 40]
1484, 2017-02-16, [8, 10, 11, 20, 26, 27]
1485, 2017-02-20, [9, 14, 20, 23, 25, 29]
1486, 2017-02-23, [7, 14, 15, 20, 31, 33]
1487, 2017-02-27, [3, 14, 15, 16, 20, 27]
1488, 2017-03-02, [5, 15, 25, 35, 41, 42]
1489, 2017-03-06, [4, 12, 13, 14, 26, 35]
1490, 2017-03-09, [1, 6, 7, 18, 34, 40]
1491, 2017-03-13, [5, 11, 12, 19, 21, 31]
1492, 2017-03-16, [2, 12, 22, 23, 28, 33]
1493, 2017-03-20, [8, 11, 13, 21, 22, 35]
1494, 2017-03-23, [3, 7, 14, 37, 39, 42]
1495, 2017-03-27, [8, 12, 15, 19, 27, 36]
1496, 2017-03-30, [8, 12, 18, 27, 34, 41]
1497, 2017-04-03, [14, 18, 20, 22, 23, 30]
1498, 2017-04-06, [24, 25, 30, 32, 35, 37]
1499, 2017-04-10, [10, 12, 17, 32, 35, 42]
1500, 2017-04-13, [4, 9, 11, 16, 23, 33]
1501, 2017-04-18, [3, 7, 19, 20, 32, 33]
1502, 2017-04-20, [4, 12, 13, 17, 27, 32]
1503, 2017-04-24, [7, 12, 19, 35, 37, 42]
1504, 2017-04-27, [13, 14, 20, 22, 33, 39]
1505, 2017-05-01, [1, 2, 19, 31, 37, 38]
1506, 2017-05-04, [7, 14, 15, 18, 30, 38]
1507, 2017-05-08, [4, 7, 15, 17, 27, 37]
1508, 2017-05-11, [3, 19, 22, 30, 40, 42]
1509, 2017-05-15, [10, 11, 19, 21, 33, 42]
1510, 2017-05-18, [2, 20, 26, 30, 40, 41]
1511, 2017-05-22, [6, 8, 10, 18, 22, 42]
1512, 2017-05-25, [8, 18, 21, 30, 35, 39]
1513, 2017-05-29, [15, 17, 19, 21, 23, 28]
1514, 2017-06-01, [7, 13, 17, 22, 27, 37]
1515, 2017-06-05, [5, 6, 10, 14, 39, 40]
1516, 2017-06-08, [4, 6, 7, 20, 21, 35]
1517, 2017-06-12, [3, 10, 18, 24, 37, 42]
1518, 2017-06-15, [9, 16, 19, 25, 36, 38]
1519, 2017-06-19, [6, 9, 17, 19, 25, 38]
1520, 2017-06-22, [16, 20, 21, 24, 32, 41]
1521, 2017-06-26, [7, 12, 14, 31, 32, 41]
1522, 2017-06-29, [11, 23, 31, 33, 37, 38]
1523, 2017-07-03, [20, 22, 24, 26, 27, 37]
1524, 2017-07-06, [3, 19, 24, 27, 29, 36]
1525, 2017-07-10, [4, 5, 12, 13, 19, 23]
1526, 2017-07-13, [9, 11, 14, 16, 26, 37]
1527, 2017-07-17, [7, 25, 27, 28, 35, 39]
1528, 2017-07-20, [12, 14, 20, 21, 22, 29]
1529, 2017-07-24, [12, 16, 31, 32, 33, 37]
1530, 2017-07-27, [3, 10, 11, 14, 16, 28]
1531, 2017-07-31, [5, 21, 23, 34, 39, 40]
1532, 2017-08-03, [1, 6, 26, 29, 33, 36]
1533, 2017-08-07, [7, 8, 19, 26, 35, 37]
1534, 2017-08-10, [2, 6, 12, 13, 24, 42]
1535, 2017-08-14, [5, 14, 21, 33, 35, 38]
1536, 2017-08-17, [1, 16, 19, 28, 39, 40]
1537, 2017-08-21, [2, 4, 13, 14, 15, 23]
1538, 2017-08-24, [6, 11, 12, 16, 28, 36]
1539, 2017-08-28, [1, 9, 18, 25, 28, 32]
1540, 2017-08-31, [9, 19, 25, 27, 32, 36]
1541, 2017-09-04, [2, 11, 19, 27, 38, 39]
1542, 2017-09-07, [3, 11, 12, 13, 20, 37]
1543, 2017-09-11, [10, 15, 23, 28, 29, 36]
1544, 2017-09-14, [11, 12, 19, 26, 31, 34]
1545, 2017-09-18, [1, 15, 18, 19, 27, 38]
1546, 2017-09-21, [12, 18, 21, 26, 35, 38]
1547, 2017-09-25, [7, 10, 14, 21, 22, 42]
1548, 2017-09-28, [8, 23, 30, 36, 37, 39]
1549, 2017-10-02, [6, 12, 14, 19, 28, 31]
1550, 2017-10-05, [4, 14, 18, 21, 28, 32]
1551, 2017-10-09, [11, 16, 20, 21, 23, 38]
1552, 2017-10-12, [5, 9, 17, 28, 30, 34]
1553, 2017-10-16, [7, 8, 19, 34, 37, 42]
1554, 2017-10-19, [4, 7, 9, 12, 14, 33]
1555, 2017-10-23, [5, 6, 23, 30, 34, 39]
1556, 2017-10-26, [2, 22, 23, 30, 37, 42]
1557, 2017-10-30, [1, 9, 14, 15, 20, 33]
1558, 2017-11-02, [3, 11, 30, 34, 38, 42]
1559, 2017-11-06, [22, 26, 28, 37, 39, 40]
1560, 2017-11-09, [3, 5, 6, 19, 22, 31]
1561, 2017-11-13, [1, 10, 11, 28, 32, 37]
1562, 2017-11-16, [3, 4, 12, 18, 23, 26]
1563, 2017-11-20, [8, 19, 21, 31, 38, 39]
1564, 2017-11-23, [7, 11, 14, 18, 29, 38]
1565, 2017-11-27, [8, 10, 15, 17, 24, 31]
1566, 2017-11-30, [1, 10, 11, 14, 30, 33]
1567, 2017-12-04, [10, 19, 29, 33, 37, 38]
1568, 2017-12-07, [8, 18, 23, 24, 34, 37]
1569, 2017-12-11, [4, 10, 15, 19, 39, 42]
1570, 2017-12-14, [1, 5, 6, 30, 38, 40]
1571, 2017-12-18, [17, 20, 22, 23, 27, 40]
1572, 2017-12-21, [2, 12, 14, 19, 22, 29]
1573, 2017-12-26, [7, 10, 12, 13, 18, 38]
1574, 2017-12-28, [8, 10, 13, 28, 29, 35]


Content of 2018.txt:
1575, 2018-01-02, [14, 26, 29, 30, 36, 40]
1576, 2018-01-04, [4, 7, 15, 25, 28, 29]
1577, 2018-01-08, [17, 19, 35, 37, 38, 42]
1578, 2018-01-11, [2, 4, 18, 23, 28, 39]
1579, 2018-01-15, [4, 12, 20, 21, 22, 42]
1580, 2018-01-18, [2, 7, 23, 29, 36, 42]
1581, 2018-01-22, [4, 9, 12, 20, 24, 28]
1582, 2018-01-25, [3, 9, 21, 26, 33, 36]
1583, 2018-01-29, [10, 21, 26, 30, 33, 35]
1584, 2018-02-01, [20, 27, 28, 30, 34, 38]
1585, 2018-02-05, [9, 12, 20, 24, 28, 31]
1586, 2018-02-08, [17, 23, 24, 29, 36, 40]
1587, 2018-02-12, [10, 22, 31, 32, 38, 41]
1588, 2018-02-15, [5, 10, 19, 24, 33, 34]
1589, 2018-02-19, [1, 9, 10, 19, 32, 41]
1590, 2018-02-22, [7, 21, 22, 29, 36, 37]
1591, 2018-02-26, [1, 9, 18, 27, 40, 42]
1592, 2018-03-01, [15, 18, 22, 30, 33, 37]
1593, 2018-03-05, [6, 8, 13, 15, 26, 42]
1594, 2018-03-08, [1, 9, 12, 13, 16, 31]
1595, 2018-03-12, [16, 20, 26, 35, 39, 42]
1596, 2018-03-15, [3, 9, 16, 26, 35, 38]
1597, 2018-03-19, [1, 3, 11, 14, 35, 39]
1598, 2018-03-22, [17, 18, 19, 35, 38, 42]
1599, 2018-03-26, [2, 15, 16, 20, 33, 42]
1600, 2018-03-29, [2, 4, 5, 22, 28, 37]
1601, 2018-04-03, [6, 14, 16, 19, 35, 39]
1602, 2018-04-05, [5, 19, 28, 32, 35, 42]
1603, 2018-04-10, [1, 7, 20, 21, 35, 39]
1604, 2018-04-12, [7, 16, 24, 27, 29, 34]
1605, 2018-04-16, [9, 17, 25, 34, 37, 39]
1606, 2018-04-19, [4, 18, 23, 27, 31, 36]
1607, 2018-04-23, [2, 4, 6, 9, 15, 29]
1608, 2018-04-26, [2, 9, 13, 16, 18, 25]
1609, 2018-04-30, [2, 10, 14, 24, 35, 40]
1610, 2018-05-03, [3, 22, 23, 24, 33, 34]
1611, 2018-05-08, [4, 10, 18, 19, 25, 34]
1612, 2018-05-10, [6, 8, 13, 18, 20, 26]
1613, 2018-05-14, [8, 15, 24, 28, 39, 41]
1614, 2018-05-17, [8, 13, 20, 23, 28, 34]
1615, 2018-05-21, [6, 19, 20, 24, 29, 31]
1616, 2018-05-24, [3, 4, 7, 13, 22, 40]
1617, 2018-05-28, [2, 7, 13, 31, 36, 42]
1618, 2018-05-31, [2, 4, 6, 8, 26, 28]
1619, 2018-06-04, [2, 5, 11, 32, 40, 42]
1620, 2018-06-07, [8, 10, 18, 23, 24, 40]
1621, 2018-06-11, [2, 12, 13, 28, 37, 42]
1622, 2018-06-14, [2, 8, 17, 28, 32, 37]
1623, 2018-06-18, [16, 20, 22, 27, 33, 40]
1624, 2018-06-21, [4, 10, 23, 33, 34, 37]
1625, 2018-06-25, [12, 16, 21, 22, 29, 35]
1626, 2018-06-28, [10, 22, 23, 33, 35, 39]
1627, 2018-07-02, [4, 16, 17, 22, 30, 33]
1628, 2018-07-05, [2, 4, 5, 9, 12, 29]
1629, 2018-07-09, [8, 13, 27, 28, 30, 34]
1630, 2018-07-12, [3, 25, 36, 38, 39, 40]
1631, 2018-07-16, [4, 5, 15, 16, 21, 33]
1632, 2018-07-19, [13, 24, 30, 32, 40, 42]
1633, 2018-07-23, [7, 9, 11, 14, 36, 40]
1634, 2018-07-26, [11, 19, 20, 22, 33, 34]
1635, 2018-07-30, [21, 27, 29, 36, 38, 39]
1636, 2018-08-02, [5, 17, 25, 37, 38, 42]
1637, 2018-08-06, [11, 14, 17, 19, 20, 42]
1638, 2018-08-09, [8, 13, 18, 21, 33, 39]
1639, 2018-08-13, [8, 12, 24, 34, 39, 40]
1640, 2018-08-16, [1, 4, 5, 21, 32, 34]
1641, 2018-08-20, [2, 12, 17, 27, 28, 36]
1642, 2018-08-23, [4, 5, 14, 25, 26, 40]
1643, 2018-08-27, [8, 16, 19, 28, 33, 40]
1644, 2018-08-30, [6, 12, 15, 25, 33, 37]
1645, 2018-09-03, [7, 8, 19, 27, 28, 36]
1646, 2018-09-06, [11, 15, 19, 29, 30, 36]
1647, 2018-09-10, [7, 10, 11, 14, 25, 32]
1648, 2018-09-13, [5, 9, 20, 25, 32, 35]
1649, 2018-09-17, [8, 11, 14, 17, 20, 28]
1650, 2018-09-20, [2, 20, 22, 29, 32, 39]
1651, 2018-09-24, [6, 10, 19, 25, 30, 35]
1652, 2018-09-27, [7, 10, 16, 31, 39, 41]
1653, 2018-10-01, [6, 12, 19, 30, 37, 39]
1654, 2018-10-04, [6, 9, 22, 33, 34, 39]
1655, 2018-10-08, [1, 6, 13, 23, 37, 38]
1656, 2018-10-11, [2, 13, 22, 23, 31, 37]
1657, 2018-10-15, [10, 12, 15, 18, 19, 42]
1658, 2018-10-18, [1, 12, 14, 18, 23, 24]
1659, 2018-10-22, [8, 9, 10, 20, 32, 35]
1660, 2018-10-25, [5, 11, 15, 25, 32, 35]
1661, 2018-10-29, [2, 14, 16, 22, 32, 39]
1662, 2018-11-01, [6, 7, 17, 20, 29, 35]
1663, 2018-11-05, [11, 16, 22, 25, 37, 41]
1664, 2018-11-08, [22, 24, 25, 26, 35, 40]
1665, 2018-11-12, [3, 13, 19, 22, 25, 28]
1666, 2018-11-15, [9, 11, 12, 13, 27, 41]
1667, 2018-11-19, [13, 15, 18, 25, 29, 40]
1668, 2018-11-22, [18, 24, 27, 30, 33, 34]
1669, 2018-11-26, [2, 5, 29, 32, 39, 40]
1670, 2018-11-29, [1, 5, 16, 20, 22, 29]
1671, 2018-12-03, [3, 4, 17, 20, 36, 42]
1672, 2018-12-06, [2, 10, 14, 17, 27, 40]
1673, 2018-12-10, [3, 5, 11, 20, 26, 27]
1674, 2018-12-13, [1, 3, 6, 16, 21, 40]
1675, 2018-12-17, [9, 12, 14, 28, 29, 33]
1676, 2018-12-20, [1, 5, 8, 22, 30, 37]
1677, 2018-12-24, [6, 8, 17, 24, 38, 40]
1678, 2018-12-27, [5, 9, 12, 24, 28, 29]
1679, 2018-12-31, [4, 11, 12, 20, 22, 26]


Content of 2019.txt:
1680, 2019-01-03, [2, 5, 11, 13, 18, 35]
1681, 2019-01-07, [2, 13, 18, 20, 23, 36]
1682, 2019-01-10, [16, 17, 18, 27, 38, 42]
1683, 2019-01-14, [4, 10, 13, 14, 27, 34]
1684, 2019-01-17, [5, 6, 10, 18, 35, 36]
1685, 2019-01-21, [9, 19, 25, 29, 32, 39]
1686, 2019-01-24, [5, 15, 20, 26, 31, 34]
1687, 2019-01-28, [12, 20, 23, 33, 38, 41]
1688, 2019-01-31, [6, 10, 11, 17, 32, 42]
1689, 2019-02-04, [2, 14, 17, 26, 34, 41]
1690, 2019-02-07, [1, 13, 14, 15, 20, 25]
1691, 2019-02-11, [6, 12, 13, 25, 26, 39]
1692, 2019-02-14, [16, 30, 35, 36, 37, 41]
1693, 2019-02-18, [6, 8, 16, 26, 32, 36]
1694, 2019-02-21, [2, 10, 16, 21, 23, 38]
1695, 2019-02-25, [9, 21, 28, 32, 33, 40]
1696, 2019-02-28, [4, 9, 12, 16, 38, 42]
1697, 2019-03-04, [4, 14, 16, 26, 28, 32]
1698, 2019-03-07, [6, 20, 22, 35, 37, 38]
1699, 2019-03-11, [2, 6, 7, 12, 29, 39]
1700, 2019-03-14, [1, 2, 14, 17, 18, 22]
1701, 2019-03-18, [2, 10, 15, 23, 31, 39]
1702, 2019-03-21, [10, 13, 16, 18, 31, 36]
1703, 2019-03-25, [2, 4, 9, 22, 39, 42]
1704, 2019-03-28, [5, 8, 15, 19, 31, 33]
1705, 2019-04-01, [7, 9, 12, 20, 21, 35]
1706, 2019-04-04, [8, 22, 23, 33, 35, 36]
1707, 2019-04-08, [9, 12, 20, 26, 39, 40]
1708, 2019-04-11, [8, 13, 18, 19, 26, 31]
1709, 2019-04-15, [15, 20, 29, 34, 37, 39]
1710, 2019-04-18, [16, 20, 21, 27, 28, 32]
1711, 2019-04-23, [3, 12, 16, 20, 25, 34]
1712, 2019-04-25, [2, 6, 16, 21, 27, 33]
1713, 2019-04-30, [2, 8, 10, 28, 37, 41]
1714, 2019-05-02, [12, 19, 23, 30, 34, 42]
1715, 2019-05-06, [5, 7, 18, 25, 35, 39]
1716, 2019-05-09, [3, 8, 14, 17, 36, 40]
1717, 2019-05-13, [4, 19, 20, 26, 30, 39]
1718, 2019-05-16, [4, 14, 17, 21, 37, 40]
1719, 2019-05-20, [3, 12, 19, 27, 35, 42]
1720, 2019-05-23, [5, 11, 17, 18, 25, 28]
1721, 2019-05-27, [9, 23, 33, 37, 41, 42]
1722, 2019-05-30, [1, 2, 7, 11, 15, 39]
1723, 2019-06-03, [1, 11, 12, 27, 35, 40]
1724, 2019-06-06, [1, 4, 11, 20, 34, 38]
1725, 2019-06-10, [6, 11, 13, 30, 31, 33]
1726, 2019-06-13, [2, 18, 20, 21, 22, 39]
1727, 2019-06-17, [1, 2, 7, 15, 28, 30]
1728, 2019-06-20, [4, 8, 10, 20, 28, 34]
1729, 2019-06-24, [1, 4, 9, 14, 29, 37]
1730, 2019-06-27, [4, 12, 17, 18, 20, 42]
1731, 2019-07-01, [10, 20, 28, 29, 33, 35]
1732, 2019-07-04, [3, 7, 14, 15, 20, 28]
1733, 2019-07-08, [8, 21, 26, 29, 32, 34]
1734, 2019-07-11, [2, 10, 18, 23, 30, 31]
1735, 2019-07-15, [4, 7, 30, 31, 37, 39]
1736, 2019-07-18, [2, 5, 11, 14, 18, 30]
1737, 2019-07-22, [8, 11, 17, 22, 26, 38]
1738, 2019-07-25, [1, 12, 23, 28, 30, 41]
1739, 2019-07-29, [3, 11, 25, 33, 34, 42]
1740, 2019-08-01, [2, 7, 10, 17, 26, 39]
1741, 2019-08-05, [1, 20, 21, 29, 38, 41]
1742, 2019-08-08, [1, 3, 13, 21, 24, 35]
1743, 2019-08-12, [2, 10, 14, 16, 31, 36]
1744, 2019-08-15, [11, 14, 25, 31, 32, 37]
1745, 2019-08-19, [3, 12, 30, 31, 39, 40]
1746, 2019-08-22, [4, 17, 27, 29, 37, 42]
1747, 2019-08-26, [4, 5, 14, 22, 24, 38]
1748, 2019-08-29, [13, 18, 23, 24, 37, 42]
1749, 2019-09-02, [21, 24, 32, 36, 38, 39]
1750, 2019-09-05, [2, 6, 9, 24, 37, 40]
1751, 2019-09-09, [1, 11, 18, 20, 26, 28]
1752, 2019-09-12, [8, 12, 28, 33, 37, 38]
1753, 2019-09-16, [2, 6, 13, 27, 32, 35]
1754, 2019-09-19, [1, 13, 19, 29, 38, 40]
1755, 2019-09-23, [6, 11, 34, 38, 39, 40]
1756, 2019-09-26, [14, 21, 26, 34, 36, 42]
1757, 2019-09-30, [2, 5, 9, 16, 26, 35]
1758, 2019-10-03, [17, 21, 24, 26, 28, 31]
1759, 2019-10-07, [12, 18, 23, 38, 40, 41]
1760, 2019-10-10, [11, 13, 17, 21, 29, 33]
1761, 2019-10-14, [8, 12, 19, 21, 26, 42]
1762, 2019-10-17, [14, 18, 20, 22, 24, 33]
1763, 2019-10-31, [2, 12, 15, 27, 28, 39]
1764, 2019-11-04, [2, 5, 9, 11, 23, 26]
1765, 2019-11-07, [10, 13, 17, 18, 22, 28]
1766, 2019-11-11, [3, 8, 14, 17, 22, 35]
1767, 2019-11-14, [3, 7, 9, 24, 28, 33]
1768, 2019-11-18, [5, 16, 25, 40, 41, 42]
1769, 2019-11-21, [6, 11, 21, 32, 37, 41]
1770, 2019-11-25, [12, 21, 25, 28, 32, 38]
1771, 2019-11-28, [4, 5, 6, 28, 29, 35]
1772, 2019-12-02, [4, 14, 28, 32, 35, 41]
1773, 2019-12-05, [8, 19, 25, 26, 32, 36]
1774, 2019-12-09, [4, 8, 22, 34, 38, 41]
1775, 2019-12-12, [1, 3, 8, 26, 34, 42]
1776, 2019-12-16, [7, 15, 16, 28, 39, 40]
1777, 2019-12-19, [6, 18, 23, 29, 33, 36]
1778, 2019-12-23, [1, 8, 12, 33, 34, 39]
1779, 2019-12-26, [8, 11, 18, 22, 38, 40]
1780, 2019-12-30, [8, 11, 12, 20, 21, 29]


Content of 2020.txt:
1781, 2020-01-02, [3, 5, 6, 19, 35, 38]
1782, 2020-01-06, [1, 21, 29, 30, 32, 39]
1783, 2020-01-09, [3, 8, 11, 18, 22, 31]
1784, 2020-01-13, [1, 14, 15, 18, 28, 35]
1785, 2020-01-16, [2, 11, 20, 22, 26, 28]
1786, 2020-01-20, [1, 11, 17, 24, 30, 32]
1787, 2020-01-23, [5, 8, 19, 22, 36, 39]
1788, 2020-01-27, [2, 12, 22, 28, 32, 41]
1789, 2020-01-30, [1, 10, 11, 14, 21, 34]
1790, 2020-02-03, [5, 28, 32, 33, 34, 40]
1791, 2020-02-06, [3, 7, 11, 12, 35, 39]
1792, 2020-02-10, [2, 10, 11, 24, 39, 40]
1793, 2020-02-13, [2, 6, 7, 15, 40, 42]
1794, 2020-02-17, [18, 20, 23, 26, 27, 41]
1795, 2020-02-20, [4, 15, 27, 32, 33, 41]
1796, 2020-02-24, [14, 23, 28, 32, 34, 41]
1797, 2020-02-27, [4, 21, 25, 29, 32, 38]
1798, 2020-03-02, [12, 21, 25, 27, 31, 37]
1799, 2020-03-05, [2, 5, 8, 16, 22, 29]
1800, 2020-03-09, [2, 9, 14, 36, 37, 41]
1801, 2020-03-12, [6, 25, 26, 32, 40, 42]
1802, 2020-04-27, [2, 5, 8, 12, 20, 38]
1803, 2020-04-30, [4, 5, 8, 11, 35, 37]
1804, 2020-05-04, [2, 4, 8, 20, 26, 33]
1805, 2020-05-07, [17, 20, 23, 29, 31, 37]
1806, 2020-05-11, [4, 5, 9, 13, 25, 34]
1807, 2020-05-18, [10, 11, 12, 15, 23, 25]
1808, 2020-05-21, [4, 18, 27, 29, 30, 37]
1809, 2020-05-25, [5, 7, 10, 14, 21, 25]
1810, 2020-05-28, [13, 24, 25, 33, 35, 36]
1811, 2020-06-01, [1, 13, 23, 24, 27, 28]
1812, 2020-06-04, [9, 12, 16, 28, 31, 36]
1813, 2020-06-08, [2, 3, 4, 14, 15, 31]
1814, 2020-06-11, [4, 21, 25, 30, 34, 38]
1815, 2020-06-15, [5, 8, 9, 31, 32, 38]
1816, 2020-06-18, [11, 17, 21, 24, 25, 34]
1817, 2020-06-22, [6, 7, 16, 31, 34, 41]
1818, 2020-06-25, [3, 4, 13, 18, 41, 42]
1819, 2020-06-29, [2, 3, 9, 12, 19, 30]
1820, 2020-07-02, [8, 10, 14, 24, 25, 34]
1821, 2020-07-06, [6, 13, 21, 25, 28, 31]
1822, 2020-07-09, [2, 24, 27, 30, 39, 41]
1823, 2020-07-13, [13, 15, 20, 29, 30, 41]
1824, 2020-07-16, [3, 27, 31, 34, 38, 40]
1825, 2020-07-20, [4, 8, 19, 27, 38, 39]
1826, 2020-07-23, [5, 6, 24, 25, 28, 35]
1827, 2020-07-27, [14, 15, 22, 31, 38, 40]
1828, 2020-07-30, [1, 5, 12, 26, 31, 32]
1829, 2020-08-03, [1, 4, 6, 7, 14, 35]
1830, 2020-08-10, [3, 7, 23, 26, 31, 38]
1831, 2020-08-13, [2, 15, 17, 19, 25, 28]
1832, 2020-08-17, [16, 20, 24, 28, 31, 37]
1833, 2020-08-20, [11, 14, 15, 27, 30, 38]
1834, 2020-08-24, [16, 17, 21, 25, 26, 39]
1835, 2020-08-27, [20, 22, 24, 28, 33, 39]
1836, 2020-08-31, [2, 21, 24, 28, 31, 40]
1837, 2020-09-03, [4, 20, 27, 36, 41, 42]
1838, 2020-09-07, [8, 11, 23, 25, 26, 32]
1839, 2020-09-10, [1, 3, 20, 23, 30, 39]
1840, 2020-09-14, [13, 14, 18, 29, 30, 42]
1841, 2020-09-17, [1, 10, 15, 25, 31, 42]
1842, 2020-09-21, [5, 12, 16, 17, 25, 29]
1843, 2020-09-24, [1, 2, 5, 12, 29, 38]
1844, 2020-09-28, [2, 3, 4, 26, 34, 36]
1845, 2020-10-01, [6, 16, 22, 29, 38, 42]
1846, 2020-10-05, [4, 14, 16, 24, 30, 33]
1847, 2020-10-08, [1, 3, 14, 26, 27, 34]
1848, 2020-10-12, [15, 30, 32, 35, 37, 39]
1849, 2020-10-15, [1, 11, 15, 19, 25, 38]
1850, 2020-10-19, [11, 22, 24, 27, 40, 41]
1851, 2020-10-22, [5, 16, 27, 29, 32, 39]
1852, 2020-10-26, [3, 17, 22, 29, 34, 42]
1853, 2020-10-29, [9, 11, 28, 37, 38, 42]
1854, 2020-11-02, [3, 8, 11, 12, 33, 41]
1855, 2020-11-05, [3, 9, 20, 27, 35, 42]
1856, 2020-11-09, [3, 12, 19, 20, 22, 41]
1857, 2020-11-12, [1, 5, 12, 13, 31, 42]
1858, 2020-11-16, [7, 10, 11, 28, 31, 40]
1859, 2020-11-19, [8, 13, 15, 21, 25, 34]
1860, 2020-11-23, [4, 7, 8, 10, 29, 35]
1861, 2020-11-26, [22, 24, 28, 29, 39, 41]
1862, 2020-11-30, [3, 9, 22, 28, 35, 39]
1863, 2020-12-03, [6, 11, 13, 22, 26, 42]
1864, 2020-12-07, [2, 5, 11, 13, 37, 41]
1865, 2020-12-10, [4, 11, 15, 16, 18, 36]
1866, 2020-12-14, [17, 24, 27, 28, 36, 39]
1867, 2020-12-17, [8, 9, 12, 16, 22, 31]
1868, 2020-12-21, [7, 9, 21, 23, 38, 40]
1869, 2020-12-24, [5, 6, 21, 32, 35, 38]
1870, 2020-12-28, [5, 13, 18, 30, 35, 38]
1871, 2020-12-31, [5, 18, 28, 30, 36, 40]


Content of 2021.txt:
1872, 2021-01-04, [4, 16, 18, 21, 22, 30]
1873, 2021-01-07, [7, 8, 12, 15, 39, 40]
1874, 2021-01-11, [5, 7, 21, 24, 30, 37]
1875, 2021-02-15, [3, 6, 8, 10, 19, 20]
1876, 2021-02-18, [10, 15, 16, 21, 34, 38]
1877, 2021-02-22, [9, 13, 15, 21, 27, 34]
1878, 2021-02-25, [13, 14, 15, 16, 20, 33]
1879, 2021-03-01, [4, 16, 22, 33, 34, 36]
1880, 2021-03-04, [1, 4, 18, 27, 29, 40]
1881, 2021-03-08, [8, 13, 15, 18, 25, 34]
1882, 2021-03-11, [10, 11, 12, 16, 30, 33]
1883, 2021-03-15, [3, 10, 16, 21, 37, 40]
1884, 2021-03-18, [13, 18, 23, 26, 39, 40]
1885, 2021-03-22, [2, 7, 9, 30, 32, 41]
1886, 2021-03-25, [11, 13, 14, 16, 26, 42]
1887, 2021-03-29, [12, 13, 14, 26, 38, 42]
1888, 2021-04-01, [9, 10, 14, 17, 19, 42]
1889, 2021-04-06, [10, 19, 20, 24, 27, 30]
1890, 2021-04-08, [4, 10, 13, 16, 24, 29]
1891, 2021-04-12, [11, 12, 18, 28, 41, 42]
1892, 2021-04-15, [12, 14, 20, 36, 38, 40]
1893, 2021-04-19, [13, 18, 25, 27, 29, 32]
1894, 2021-04-22, [3, 7, 10, 12, 16, 30]
1895, 2021-04-26, [8, 10, 12, 16, 20, 23]
1896, 2021-04-29, [5, 20, 23, 26, 33, 42]
1897, 2021-05-04, [6, 20, 32, 35, 37, 39]
1898, 2021-05-06, [5, 8, 24, 25, 32, 34]
1899, 2021-05-10, [8, 13, 14, 17, 29, 41]
1900, 2021-05-13, [3, 5, 6, 12, 14, 18]
1901, 2021-05-17, [4, 12, 22, 27, 30, 33]
1902, 2021-05-20, [3, 7, 34, 35, 37, 39]
1903, 2021-05-24, [9, 15, 19, 20, 25, 34]
1904, 2021-05-27, [1, 11, 20, 22, 25, 34]
1905, 2021-05-31, [14, 20, 21, 24, 37, 41]
1906, 2021-06-03, [4, 22, 23, 25, 37, 39]
1907, 2021-06-07, [8, 9, 11, 23, 29, 38]
1908, 2021-06-10, [7, 13, 32, 39, 41, 42]
1909, 2021-06-14, [1, 3, 4, 31, 34, 39]
1910, 2021-06-17, [9, 10, 19, 21, 22, 41]
1911, 2021-06-21, [13, 16, 32, 36, 39, 42]
1912, 2021-06-24, [18, 26, 30, 34, 35, 40]
1913, 2021-06-28, [18, 22, 23, 31, 34, 36]
1914, 2021-07-01, [4, 6, 32, 34, 36, 38]
1915, 2021-07-05, [7, 27, 32, 34, 40, 41]
1916, 2021-07-08, [6, 8, 13, 15, 25, 30]
1917, 2021-07-12, [8, 11, 28, 34, 35, 39]
1918, 2021-07-15, [1, 12, 13, 17, 37, 41]
1919, 2021-07-19, [6, 13, 17, 31, 35, 39]
1920, 2021-07-22, [3, 8, 15, 16, 27, 38]
1921, 2021-07-26, [7, 20, 33, 34, 36, 37]
1922, 2021-07-29, [5, 8, 9, 14, 16, 30]
1923, 2021-08-02, [4, 7, 20, 28, 29, 40]
1924, 2021-08-05, [2, 4, 6, 19, 27, 33]
1925, 2021-08-09, [1, 14, 25, 33, 35, 39]
1926, 2021-08-12, [9, 12, 19, 20, 33, 40]
1927, 2021-08-16, [15, 18, 22, 27, 36, 37]
1928, 2021-08-19, [11, 18, 19, 31, 36, 41]
1929, 2021-08-23, [1, 7, 11, 17, 24, 40]
1930, 2021-08-26, [2, 11, 29, 36, 40, 41]
1931, 2021-08-30, [9, 11, 14, 23, 30, 42]
1932, 2021-09-02, [5, 8, 15, 18, 33, 37]
1933, 2021-09-06, [10, 22, 25, 31, 35, 39]
1934, 2021-09-09, [7, 9, 14, 18, 20, 25]
1935, 2021-09-13, [6, 9, 21, 23, 27, 36]
1936, 2021-09-16, [4, 11, 15, 27, 31, 33]
1937, 2021-09-20, [9, 15, 24, 27, 39, 42]
1938, 2021-09-23, [9, 10, 12, 29, 34, 39]
1939, 2021-09-27, [3, 13, 19, 23, 25, 30]
1940, 2021-09-30, [17, 24, 33, 35, 38, 41]
1941, 2021-10-04, [8, 14, 19, 22, 27, 38]
1942, 2021-10-07, [7, 10, 18, 31, 32, 37]
1943, 2021-10-11, [5, 11, 13, 16, 22, 36]
1944, 2021-10-14, [3, 7, 11, 12, 21, 33]
1945, 2021-10-18, [4, 10, 15, 33, 36, 37]
1946, 2021-10-21, [3, 6, 15, 19, 23, 29]
1947, 2021-10-25, [1, 10, 18, 28, 37, 38]
1948, 2021-10-28, [9, 12, 13, 25, 30, 39]
1949, 2021-11-01, [10, 19, 20, 29, 32, 42]
1950, 2021-11-04, [2, 9, 22, 23, 29, 37]
1951, 2021-11-08, [3, 14, 21, 23, 32, 37]
1952, 2021-11-11, [13, 19, 20, 29, 34, 41]
1953, 2021-11-15, [5, 10, 16, 20, 30, 36]
1954, 2021-11-18, [11, 18, 20, 27, 34, 40]
1955, 2021-11-22, [2, 6, 11, 25, 32, 36]
1956, 2021-11-25, [2, 12, 14, 28, 34, 36]
1957, 2021-11-29, [3, 15, 23, 33, 35, 36]
1958, 2021-12-02, [2, 4, 6, 10, 11, 24]
1959, 2021-12-06, [14, 16, 24, 26, 27, 36]
1960, 2021-12-09, [1, 13, 16, 25, 32, 38]
1961, 2021-12-13, [22, 23, 33, 37, 39, 42]
1962, 2021-12-16, [7, 15, 20, 28, 30, 31]
1963, 2021-12-20, [8, 14, 22, 28, 32, 37]
1964, 2021-12-23, [4, 12, 17, 18, 21, 23]
1965, 2021-12-27, [7, 18, 19, 20, 33, 35]
1966, 2021-12-30, [1, 8, 12, 15, 24, 29]


Content of 2022.txt:
1967, 2022-01-03, [19, 21, 22, 32, 35, 37]
1968, 2022-01-06, [10, 18, 27, 34, 39, 41]
1969, 2022-01-10, [4, 5, 11, 19, 27, 38]
1970, 2022-01-13, [1, 7, 8, 9, 15, 30]
1971, 2022-01-17, [2, 5, 6, 20, 35, 39]
1972, 2022-01-20, [1, 22, 27, 28, 29, 42]
1973, 2022-01-24, [2, 3, 9, 17, 19, 38]
1974, 2022-01-27, [12, 17, 25, 26, 31, 32]
1975, 2022-01-31, [8, 10, 34, 35, 38, 42]
1976, 2022-02-03, [3, 5, 7, 11, 24, 27]
1977, 2022-02-07, [3, 12, 16, 17, 23, 40]
1978, 2022-02-10, [3, 5, 18, 24, 29, 39]
1979, 2022-02-14, [6, 16, 23, 29, 37, 38]
1980, 2022-02-17, [1, 3, 14, 24, 30, 36]
1981, 2022-02-21, [4, 9, 16, 37, 39, 40]
1982, 2022-02-24, [2, 3, 18, 23, 24, 26]
1983, 2022-02-28, [9, 17, 21, 25, 28, 37]
1984, 2022-03-03, [3, 14, 19, 22, 26, 34]
1985, 2022-03-07, [3, 5, 26, 30, 35, 41]
1986, 2022-03-10, [3, 5, 9, 11, 28, 29]
1987, 2022-03-14, [9, 15, 19, 26, 30, 33]
1988, 2022-03-17, [8, 17, 28, 30, 35, 38]
1989, 2022-03-21, [14, 27, 29, 32, 34, 40]
1990, 2022-03-24, [2, 17, 25, 30, 33, 34]
1991, 2022-03-28, [8, 12, 18, 19, 33, 40]
1992, 2022-03-31, [10, 17, 18, 21, 28, 35]
1993, 2022-04-04, [4, 10, 14, 22, 28, 30]
1994, 2022-04-07, [3, 9, 14, 29, 33, 42]
1995, 2022-04-11, [2, 3, 8, 13, 36, 38]
1996, 2022-04-14, [6, 8, 14, 22, 23, 36]
1997, 2022-04-19, [12, 16, 22, 30, 31, 34]
1998, 2022-04-21, [1, 3, 17, 24, 27, 38]
1999, 2022-04-26, [7, 14, 22, 26, 30, 35]
2000, 2022-04-28, [8, 10, 11, 21, 34, 38]
2001, 2022-05-02, [3, 5, 23, 30, 37, 38]
2002, 2022-05-05, [2, 10, 17, 30, 33, 42]
2003, 2022-05-09, [2, 18, 19, 22, 24, 28]
2004, 2022-05-12, [3, 18, 24, 27, 28, 37]
2005, 2022-05-16, [1, 2, 5, 7, 20, 36]
2006, 2022-05-19, [1, 7, 9, 14, 19, 30]
2007, 2022-05-23, [3, 4, 16, 21, 37, 40]
2008, 2022-05-26, [2, 5, 20, 21, 39, 40]
2009, 2022-05-30, [8, 10, 11, 18, 28, 37]
2010, 2022-06-02, [4, 7, 8, 12, 23, 40]
2011, 2022-06-06, [1, 14, 31, 38, 41, 42]
2012, 2022-06-09, [9, 11, 15, 20, 21, 28]
2013, 2022-06-13, [3, 7, 21, 24, 29, 35]
2014, 2022-06-16, [6, 10, 23, 30, 35, 39]
2015, 2022-06-20, [4, 27, 32, 35, 36, 40]
2016, 2022-06-23, [6, 15, 25, 28, 39, 41]
2017, 2022-06-27, [10, 20, 24, 29, 34, 41]
2018, 2022-06-30, [3, 12, 17, 30, 37, 42]
2019, 2022-07-04, [5, 6, 20, 27, 32, 40]
2020, 2022-07-07, [3, 18, 20, 28, 37, 40]
2021, 2022-07-11, [1, 5, 12, 13, 29, 30]
2022, 2022-07-14, [2, 15, 17, 24, 32, 41]
2023, 2022-07-18, [2, 3, 8, 25, 28, 32]
2024, 2022-07-21, [1, 9, 17, 18, 27, 41]
2025, 2022-07-25, [4, 6, 12, 16, 20, 39]
2026, 2022-07-28, [1, 25, 26, 31, 37, 38]
2027, 2022-08-01, [3, 6, 15, 19, 22, 37]
2028, 2022-08-04, [3, 9, 19, 22, 28, 39]
2029, 2022-08-08, [1, 13, 18, 28, 32, 39]
2030, 2022-08-11, [1, 2, 15, 18, 24, 25]
2031, 2022-08-15, [1, 11, 29, 31, 40, 42]
2032, 2022-08-18, [4, 8, 22, 27, 33, 39]
2033, 2022-08-22, [4, 11, 13, 18, 29, 30]
2034, 2022-08-25, [8, 11, 18, 26, 32, 41]
2035, 2022-08-29, [9, 11, 17, 20, 33, 36]
2036, 2022-09-01, [12, 22, 25, 27, 31, 39]
2037, 2022-09-05, [1, 21, 23, 32, 38, 40]
2038, 2022-09-08, [2, 14, 18, 36, 39, 41]
2039, 2022-09-12, [7, 8, 16, 31, 38, 41]
2040, 2022-09-15, [8, 11, 14, 15, 18, 23]
2041, 2022-09-19, [3, 15, 18, 20, 35, 38]
2042, 2022-09-22, [1, 9, 19, 22, 36, 37]
2043, 2022-09-26, [2, 17, 18, 33, 34, 37]
2044, 2022-09-29, [5, 9, 14, 32, 33, 34]
2045, 2022-10-03, [3, 4, 5, 28, 34, 41]
2046, 2022-10-06, [1, 12, 14, 19, 21, 41]
2047, 2022-10-10, [12, 15, 16, 25, 26, 39]
2048, 2022-10-13, [1, 6, 14, 27, 30, 42]
2049, 2022-10-17, [4, 6, 24, 27, 36, 41]
2050, 2022-10-20, [18, 25, 29, 33, 37, 39]
2051, 2022-10-24, [9, 20, 21, 23, 39, 40]
2052, 2022-10-27, [6, 14, 17, 23, 25, 41]
2053, 2022-10-31, [1, 3, 5, 11, 22, 34]
2054, 2022-11-03, [3, 10, 12, 26, 29, 33]
2055, 2022-11-07, [1, 10, 15, 22, 32, 40]
2056, 2022-11-10, [7, 9, 20, 22, 30, 41]
2057, 2022-11-14, [2, 3, 25, 32, 39, 42]
2058, 2022-11-17, [4, 13, 15, 18, 22, 36]
2059, 2022-11-21, [1, 4, 7, 11, 12, 18]
2060, 2022-11-24, [4, 8, 29, 31, 32, 40]
2061, 2022-11-28, [11, 22, 28, 31, 35, 39]
2062, 2022-12-01, [19, 20, 21, 26, 28, 31]
2063, 2022-12-05, [16, 19, 29, 34, 37, 40]
2064, 2022-12-08, [3, 9, 14, 24, 34, 41]
2065, 2022-12-12, [4, 6, 11, 12, 34, 40]
2066, 2022-12-15, [5, 16, 30, 33, 35, 39]
2067, 2022-12-19, [7, 15, 18, 27, 31, 41]
2068, 2022-12-22, [14, 21, 26, 35, 37, 40]
2069, 2022-12-26, [15, 20, 26, 31, 34, 39]
2070, 2022-12-29, [7, 18, 20, 23, 26, 37]


Content of 2023.txt:
2071, 2023-01-02, [4, 9, 10, 13, 20, 31]
2072, 2023-01-05, [8, 23, 25, 30, 32, 42]
2073, 2023-01-09, [5, 11, 12, 14, 28, 41]
2074, 2023-01-12, [1, 32, 34, 38, 39, 40]
2075, 2023-01-16, [1, 2, 8, 13, 21, 28]
2076, 2023-01-19, [2, 4, 18, 20, 22, 35]
2077, 2023-01-23, [14, 25, 27, 28, 35, 41]
2078, 2023-01-26, [1, 5, 11, 21, 22, 42]
2079, 2023-01-30, [5, 17, 19, 22, 26, 33]
2080, 2023-02-02, [5, 9, 14, 25, 30, 35]
2081, 2023-02-06, [18, 23, 24, 25, 38, 42]
2082, 2023-02-09, [5, 7, 11, 15, 20, 30]
2083, 2023-02-13, [1, 3, 11, 13, 24, 32]
2084, 2023-02-16, [4, 16, 28, 32, 39, 40]
2085, 2023-02-20, [9, 13, 15, 16, 30, 31]
2086, 2023-02-23, [10, 18, 19, 22, 25, 32]
2087, 2023-02-27, [2, 7, 8, 18, 27, 37]
2088, 2023-03-02, [2, 9, 12, 21, 24, 38]
2089, 2023-03-06, [9, 11, 24, 28, 30, 31]
2090, 2023-03-09, [6, 7, 11, 21, 22, 24]
2091, 2023-03-13, [8, 19, 24, 30, 35, 42]
2092, 2023-03-16, [1, 18, 21, 25, 33, 40]
2093, 2023-03-20, [2, 6, 9, 12, 14, 28]
2094, 2023-03-23, [1, 3, 9, 18, 19, 21]
2095, 2023-03-27, [2, 9, 11, 14, 25, 26]
2096, 2023-03-30, [1, 5, 20, 22, 28, 31]
2097, 2023-04-03, [4, 8, 10, 26, 28, 33]
2098, 2023-04-06, [2, 5, 16, 19, 22, 32]
2099, 2023-04-11, [2, 6, 17, 27, 40, 41]
2100, 2023-04-13, [7, 15, 21, 24, 34, 42]
2101, 2023-04-18, [3, 10, 18, 20, 35, 40]
2102, 2023-04-20, [5, 8, 11, 22, 25, 38]
2103, 2023-04-24, [1, 4, 11, 17, 26, 39]
2104, 2023-04-27, [3, 18, 25, 27, 35, 36]
2105, 2023-05-01, [3, 8, 15, 22, 27, 38]
2106, 2023-05-04, [15, 19, 23, 26, 30, 34]
2107, 2023-05-08, [1, 2, 13, 19, 27, 42]
2108, 2023-05-11, [5, 17, 18, 25, 28, 40]
2109, 2023-05-15, [5, 7, 12, 29, 33, 39]
2110, 2023-05-18, [6, 16, 19, 22, 24, 37]
2111, 2023-05-22, [4, 8, 24, 26, 37, 38]
2112, 2023-05-25, [5, 7, 9, 13, 19, 22]
2113, 2023-05-29, [2, 8, 12, 16, 18, 31]
2114, 2023-06-01, [9, 15, 21, 22, 24, 41]
2115, 2023-06-05, [1, 2, 3, 17, 21, 42]
2116, 2023-06-08, [3, 8, 19, 27, 29, 34]
2117, 2023-06-12, [1, 11, 26, 27, 32, 37]
2118, 2023-06-15, [2, 8, 16, 26, 30, 33]
2119, 2023-06-19, [3, 6, 11, 14, 19, 30]
2120, 2023-06-22, [1, 2, 3, 14, 23, 38]
2121, 2023-06-26, [7, 10, 11, 17, 29, 33]
2122, 2023-06-29, [1, 3, 16, 29, 34, 38]
2123, 2023-07-03, [1, 3, 14, 16, 26, 31]
2124, 2023-07-06, [5, 11, 15, 16, 19, 39]
2125, 2023-07-10, [4, 15, 23, 27, 29, 37]
2126, 2023-07-13, [12, 15, 25, 26, 31, 35]
2127, 2023-07-17, [3, 11, 23, 27, 29, 39]
2128, 2023-07-20, [11, 14, 22, 24, 35, 39]
2129, 2023-07-24, [11, 18, 25, 27, 36, 39]
2130, 2023-07-27, [11, 16, 23, 24, 29, 40]
2131, 2023-07-31, [3, 14, 17, 32, 39, 40]
2132, 2023-08-03, [4, 9, 12, 23, 26, 34]
2133, 2023-08-07, [3, 5, 17, 19, 25, 34]
2134, 2023-08-10, [5, 11, 16, 23, 30, 33]
2135, 2023-08-14, [2, 9, 11, 18, 37, 42]
2136, 2023-08-17, [1, 2, 4, 11, 15, 35]
2137, 2023-08-21, [1, 9, 21, 22, 29, 37]
2138, 2023-08-24, [2, 5, 9, 12, 18, 30]
2139, 2023-08-28, [11, 14, 16, 23, 34, 39]
2140, 2023-08-31, [3, 15, 27, 31, 39, 42]
2141, 2023-09-04, [3, 6, 21, 31, 34, 39]
2142, 2023-09-07, [13, 19, 26, 32, 37, 42]
2143, 2023-09-11, [17, 28, 34, 35, 41, 42]
2144, 2023-09-14, [6, 9, 16, 17, 19, 29]
2145, 2023-09-18, [9, 16, 18, 27, 34, 40]
2146, 2023-09-21, [2, 13, 14, 16, 17, 29]
2147, 2023-09-25, [10, 11, 24, 28, 38, 40]
2148, 2023-09-28, [3, 4, 14, 15, 21, 39]
2149, 2023-10-02, [2, 5, 8, 15, 17, 25]
2150, 2023-10-05, [10, 16, 17, 22, 37, 42]
2151, 2023-10-09, [2, 3, 14, 16, 17, 35]
2152, 2023-10-12, [2, 10, 25, 31, 36, 41]
2153, 2023-10-16, [5, 13, 14, 15, 23, 41]
2154, 2023-10-19, [8, 25, 26, 30, 34, 42]
2155, 2023-10-23, [14, 23, 32, 33, 36, 41]
2156, 2023-10-26, [6, 12, 26, 31, 34, 35]
2157, 2023-10-30, [12, 20, 22, 23, 24, 35]
2158, 2023-11-02, [5, 15, 16, 28, 34, 35]
2159, 2023-11-06, [4, 6, 13, 14, 35, 38]
2160, 2023-11-09, [13, 16, 17, 32, 40, 41]
2161, 2023-11-13, [5, 7, 11, 20, 38, 42]
2162, 2023-11-16, [6, 12, 19, 24, 26, 41]
2163, 2023-11-20, [2, 13, 17, 19, 34, 36]
2164, 2023-11-23, [9, 10, 22, 26, 33, 34]
2165, 2023-11-27, [3, 25, 26, 28, 34, 40]
2166, 2023-11-30, [2, 6, 7, 8, 10, 37]
2167, 2023-12-04, [2, 14, 17, 19, 29, 36]
2168, 2023-12-07, [5, 18, 23, 24, 26, 28]
2169, 2023-12-11, [16, 17, 37, 38, 40, 42]
2170, 2023-12-14, [10, 18, 26, 29, 40, 42]
2171, 2023-12-18, [11, 20, 21, 22, 30, 39]
2172, 2023-12-21, [11, 17, 20, 23, 24, 35]
2173, 2023-12-26, [8, 35, 36, 38, 39, 40]
2174, 2023-12-28, [5, 22, 30, 32, 38, 42]


Content of 2024.txt:
2175, 2024-01-02, [6,10,25,29,37,38]
2176, 2024-01-04, [1,6,8,12,29,32]
2177, 2024-01-08, [7,14,18,22,30,31]
2178, 2024-01-11, [1,7,21,23,30,32]
2179, 2024-01-15, [8,17,33,37,38,42]
2180, 2024-01-18, [1,10,14,19,20,40]
2181, 2024-01-22, [1,10,15,30,34,38]
2182, 2024-01-25, [4,15,22,23,34,40]
2183, 2024-01-29, [3,12,18,20,31,37]
2184, 2024-02-01, [4,12,14,25,29,33]
2185, 2024-02-05, [4,15,18,24,31,36]
2186, 2024-02-08, [7,19,24,29,38,41]
2187, 2024-02-12, [8,15,17,24,26,35]
2188, 2024-02-15, [12,17,19,26,40,42]
2189, 2024-02-19, [13,16,27,33,34,36]
2190, 2024-02-22, [1,13,15,21,24,26]
2191, 2024-02-26, [6,19,24,28,35,41]
2192, 2024-02-29, [9,11,15,19,32,34]
2193, 2024-03-04, [1,14,16,17,18,19]
2194, 2024-03-07, [1,4,5,18,23,38]
2195, 2024-03-11, [7,21,22,36,37,42]
2196, 2024-03-14, [5,10,12,20,32,37]
2197, 2024-03-18, [11,13,18,25,27,34]
2198, 2024-03-21, [17,21,23,26,35,38]
2199, 2024-03-25, [5,6,16,19,25,28]
2200, 2024-03-28, [6,11,20,32,36,39]
2201, 2024-04-02, [3,4,8,12,17,22]
2202, 2024-04-04, [5,20,25,31,34,41]
2203, 2024-04-08, [13,23,25,26,41,42]
2204, 2024-04-11, [11,20,21,30,32,41]
2205, 2024-04-15, [5,10,17,25,29,40]
2206, 2024-04-18, [1,2,8,18,23,24]
2207, 2024-04-22, [11,18,20,25,27,37]
2208, 2024-04-25, [4,8,12,17,18,33]
2209, 2024-04-29, [4,8,18,20,22,26]
2210, 2024-05-02, [1,3,14,15,20,22]
2211, 2024-05-07, [7,13,15,24,28,39]
2212, 2024-05-09, [1,2,12,14,17,31]
2213, 2024-05-13, [15,22,32,33,35,37]
2214, 2024-05-16, [9,10,16,20,28,30]
2215, 2024-05-20, [26,28,29,35,36,41]
2216, 2024-05-23, [4,12,28,33,35,42]
2217, 2024-05-27, [14,18,19,35,39,42]
2218, 2024-05-30, [7,9,10,33,39,41]
2219, 2024-06-03, [2,4,21,22,26,30]
2220, 2024-06-06, [9,13,20,21,24,36]
2221, 2024-06-10, [4,12,19,21,27,28]
2222, 2024-06-13, [7,8,27,30,36,42]
2223, 2024-06-17, [11,12,18,21,30,39]
2224, 2024-06-20, [2,6,20,33,36,41]
2225, 2024-06-24, [3,5,6,10,18,23]
2226, 2024-06-27, [12,17,21,23,30,42]
2227, 2024-07-01, [8,22,29,31,37,39]
2228, 2024-07-04, [14,23,30,34,35,36]
2229, 2024-07-08, [7,11,28,34,35,36]
2230, 2024-07-11, [5,6,16,18,41,42]
2231, 2024-07-15, [2,6,28,29,30,32]
2232, 2024-07-18, [10,14,21,32,33,39]
2233, 2024-07-22, [2,25,30,38,39,42]
2234, 2024-07-25, [3,6,17,20,25,40]
2235, 2024-07-29, [2,5,19,31,36,42]
2236, 2024-08-01, [16,23,24,34,38,41]
2237, 2024-08-05, [11,12,15,28,31,36]
2238, 2024-08-08, [2,8,15,31,32,38]
2239, 2024-08-12, [16,19,31,39,41,42]
2240, 2024-08-15, [1,18,20,24,36,37]
2241, 2024-08-19, [21,32,34,36,39,41]


